{"T_W_I":[[0.0,-1.0,0.0,0.425],[-1.0,0.0,0.0,-0.45499999999999996],[0.0,0.0,-1.0,0.35325259662],[0.0,0.0,0.0,1.0]],"T_W_P_insert":[[0.0,0.0,-1.0,0.425],[-1.0,0.0,0.0,-0.45499999999999996],[0.0,1.0,0.0,0.35000000000000003],[0.0,0.0,0.0,1.0]],"T_W_P_preinsert":[[0.0,0.0,-1.0,0.425],[-1.0,0.0,0.0,-0.45499999999999996],[0.0,1.0,0.0,0.39],[0.0,0.0,0.0,1.0]],"certified":false,"claim_level":"preinsert_diagnostic","continuous_complete":false,"correction_bounds_I":{"axial_m":[0.0,0.0],"lateral_x_m":[0.0,0.0],"lateral_y_m":[0.0,0.0],"yaw_deg":[0.0,0.0]},"correction_contract":{"composition":"T_W_E(delta) = T_W_I @ Delta_I @ T_I_P @ T_P_E","delta_definition":"Delta_I = Trans_I(dx,dy,dz) @ RotZ_I(yaw)","evaluated":false,"point_operation_order":"yaw about the I origin first, then translation expressed in nominal I axes","rotation_axis":"+Z_I only","rotation_pivot":"origin of insertion frame I","side":"Delta_I left-multiplies nominal T_I_P inside frame I"},"eligible_candidate_count_before_limit":1460,"excluded_checks":["robot, gripper, part, PCB, fixture, and other-arm collision","same-branch Cartesian insertion path continuity","jaw aperture actuation and pad contact","correction-envelope sweep","insertion force, friction, compliance, and uncertainty"],"frame_contract":{"composition":"T_W_E = T_W_P @ T_P_E","correction_frame":"I; bounds are recorded but not swept by this query","grasp":"T_P_E maps E into connector frame P"},"ik_evaluation":{"claim_level":null,"performed":false,"tcp_status":"not_evaluated"},"insertion_axis_P":[0.0,-1.0,0.0],"insertion_axis_W":[0.0,0.0,-1.0],"pose_library":{"candidate_count":4798,"config_sha256":"377a2c9e4003c2f2f70190c9551e096e70d295f415b6305206f4ba66bc678b2f","connector_sha256":"a4b5b7d55bb44fc7be2ae256311da59d2b1f26bfa316f337d649f9dfe44fdaaa","path":"/Users/hyunseokshin/ebots/handoff/projects/connector_header_insertion/generated/grasps/phase1_pose_library.json","project_id":"connector_header_insertion_phase1","sha256":"5728aca82c79850859a5930f373200f9bb6f4c4260a932b048f531a6465dd0e3"},"preinsert_distance_m":0.04,"query":{"path":"/Users/hyunseokshin/ebots/handoff/projects/connector_header_insertion/config/query_example.yaml","pcb_socket_compatible_library_project_ids":["connector_header_insertion_phase1"],"pcb_socket_connector_sha256":"a4b5b7d55bb44fc7be2ae256311da59d2b1f26bfa316f337d649f9dfe44fdaaa","pcb_socket_path":"/Users/hyunseokshin/ebots/handoff/projects/connector_header_insertion/config/pcb_socket.yaml","pcb_socket_project_id":"connector_header_insertion","pcb_socket_sha256":"ec8e14dbf1b9f489b4287ed42891a119cc071de2ebb91034d8be19ef9734cf76","sha256":"4ca8bb7234aa9be966af1a4160b445fae86a63f2455017f2c7733bfcac9a45f3"},"robot":"B","schema_version":1,"selected_candidate_count":64,"selection":{"max_candidates":64,"preinsert_compatible":true,"purpose":"preinsert_diagnostic"},"selection_truncated":true,"target_source":"board_world_pose_x_pcb_socket","targets":[{"T_P_E":[[0.257300020554,0.0,-0.966331568057,0.009631884533],[-0.966331568057,0.0,-0.257300020554,0.010864764613],[0.0,1.0,0.0,0.00622414279],[0.0,0.0,0.0,1.0]],"T_W_E_insert":null,"T_W_E_insert_nominal_witness":[[0.0,-1.0,0.0,0.41877585721],[-0.257300020554,0.0,0.966331568057,-0.464631884533],[-0.966331568057,0.0,-0.257300020554,0.36086476461300004],[0.0,0.0,0.0,1.0]],"T_W_E_preinsert":[[0.0,-1.0,0.0,0.41877585721],[-0.257300020554,0.0,0.966331568057,-0.464631884533],[-0.966331568057,0.0,-0.257300020554,0.400864764613],[0.0,0.0,0.0,1.0]],"claim_level":"preinsert_diagnostic","family":"close_z_approach_-x","grasp_id":"g_4eff122621ab2031","ik":null,"library_index":4344,"preinsert_compatible":true,"quality":0.626356942089,"required_aperture_m":0.003174999714,"seated_compatible":false,"source_status":"phase1_preinsert_only_candidate"},{"T_P_E":[[0.257300020554,0.0,-0.966331568057,0.003956833373],[-0.966331568057,0.0,-0.257300020554,0.010809119679],[0.0,1.0,0.0,0.00622414279],[0.0,0.0,0.0,1.0]],"T_W_E_insert":null,"T_W_E_insert_nominal_witness":[[0.0,-1.0,0.0,0.41877585721],[-0.257300020554,0.0,0.966331568057,-0.458956833373],[-0.966331568057,0.0,-0.257300020554,0.36080911967900003],[0.0,0.0,0.0,1.0]],"T_W_E_preinsert":[[0.0,-1.0,0.0,0.41877585721],[-0.257300020554,0.0,0.966331568057,-0.458956833373],[-0.966331568057,0.0,-0.257300020554,0.400809119679],[0.0,0.0,0.0,1.0]],"claim_level":"preinsert_diagnostic","family":"close_z_approach_-x","grasp_id":"g_1dfe7940ae619519","ik":null,"library_index":4424,"preinsert_compatible":true,"quality":0.622976840535,"required_aperture_m":0.003174999714,"seated_compatible":false,"source_status":"phase1_preinsert_only_candidate"},{"T_P_E":[[0.257300020554,0.0,-0.966331568057,0.022724683506],[-0.966331568057,0.0,-0.257300020554,0.010772459013],[0.0,1.0,0.0,0.00622414279],[0.0,0.0,0.0,1.0]],"T_W_E_insert":null,"T_W_E_insert_nominal_witness":[[0.0,-1.0,0.0,0.41877585721],[-0.257300020554,0.0,0.966331568057,-0.47772468350599995],[-0.966331568057,0.0,-0.257300020554,0.36077245901300004],[0.0,0.0,0.0,1.0]],"T_W_E_preinsert":[[0.0,-1.0,0.0,0.41877585721],[-0.257300020554,0.0,0.966331568057,-0.47772468350599995],[-0.966331568057,0.0,-0.257300020554,0.400772459013],[0.0,0.0,0.0,1.0]],"claim_level":"preinsert_diagnostic","family":"close_z_approach_-x","grasp_id":"g_9cc61e3ae8f061ae","ik":null,"library_index":4113,"preinsert_compatible":true,"quality":0.634120201144,"required_aperture_m":0.003174999714,"seated_compatible":false,"source_status":"phase1_preinsert_only_candidate"},{"T_P_E":[[0.257300020554,0.0,-0.966331568057,0.019424178983],[-0.966331568057,0.0,-0.257300020554,0.010766239233],[0.0,1.0,0.0,0.00622414279],[0.0,0.0,0.0,1.0]],"T_W_E_insert":null,"T_W_E_insert_nominal_witness":[[0.0,-1.0,0.0,0.41877585721],[-0.257300020554,0.0,0.966331568057,-0.47442417898299993],[-0.966331568057,0.0,-0.257300020554,0.36076623923300005],[0.0,0.0,0.0,1.0]],"T_W_E_preinsert":[[0.0,-1.0,0.0,0.41877585721],[-0.257300020554,0.0,0.966331568057,-0.47442417898299993],[-0.966331568057,0.0,-0.257300020554,0.40076623923300003],[0.0,0.0,0.0,1.0]],"claim_level":"preinsert_diagnostic","family":"close_z_approach_-x","grasp_id":"g_0f07b30caee346cc","ik":null,"library_index":2783,"preinsert_compatible":true,"quality":0.664442901328,"required_aperture_m":0.003174999714,"seated_compatible":false,"source_status":"phase1_preinsert_only_candidate"},{"T_P_E":[[0.257300020554,0.0,-0.966331568057,0.008159582388],[-0.966331568057,0.0,-0.257300020554,0.010749795159],[0.0,1.0,0.0,0.00622414279],[0.0,0.0,0.0,1.0]],"T_W_E_insert":null,"T_W_E_insert_nominal_witness":[[0.0,-1.0,0.0,0.41877585721],[-0.257300020554,0.0,0.966331568057,-0.463159582388],[-0.966331568057,0.0,-0.257300020554,0.360749795159],[0.0,0.0,0.0,1.0]],"T_W_E_preinsert":[[0.0,-1.0,0.0,0.41877585721],[-0.257300020554,0.0,0.966331568057,-0.463159582388],[-0.966331568057,0.0,-0.257300020554,0.400749795159],[0.0,0.0,0.0,1.0]],"claim_level":"preinsert_diagnostic","family":"close_z_approach_-x","grasp_id":"g_d78dea77c644ec2a","ik":null,"library_index":4364,"preinsert_compatible":true,"quality":0.6254641263,"required_aperture_m":0.003174999714,"seated_compatible":false,"source_status":"phase1_preinsert_only_candidate"},{"T_P_E":[[0.260337429835,0.0,0.965517696693,0.022943362534],[0.965517696693,0.0,-0.260337429835,0.010855090648],[0.0,1.0,0.0,0.00622414279],[0.0,0.0,0.0,1.0]],"T_W_E_insert":null,"T_W_E_insert_nominal_witness":[[0.0,-1.0,0.0,0.41877585721],[-0.260337429835,0.0,-0.965517696693,-0.47794336253399994],[0.965517696693,0.0,-0.260337429835,0.36085509064800003],[0.0,0.0,0.0,1.0]],"T_W_E_preinsert":[[0.0,-1.0,0.0,0.41877585721],[-0.260337429835,0.0,-0.965517696693,-0.47794336253399994],[0.965517696693,0.0,-0.260337429835,0.400855090648],[0.0,0.0,0.0,1.0]],"claim_level":"preinsert_diagnostic","family":"close_z_approach_+x","grasp_id":"g_49aec5f4fb34b17b","ik":null,"library_index":4286,"preinsert_compatible":true,"quality":0.628412086561,"required_aperture_m":0.003174999714,"seated_compatible":false,"source_status":"phase1_preinsert_only_candidate"},{"T_P_E":[[0.257300020554,0.0,-0.966331568057,0.023915039915],[-0.966331568057,0.0,-0.257300020554,0.010743086243],[0.0,1.0,0.0,0.00622414279],[0.0,0.0,0.0,1.0]],"T_W_E_insert":null,"T_W_E_insert_nominal_witness":[[0.0,-1.0,0.0,0.41877585721],[-0.257300020554,0.0,0.966331568057,-0.47891503991499995],[-0.966331568057,0.0,-0.257300020554,0.36074308624300006],[0.0,0.0,0.0,1.0]],"T_W_E_preinsert":[[0.0,-1.0,0.0,0.41877585721],[-0.257300020554,0.0,0.966331568057,-0.47891503991499995],[-0.966331568057,0.0,-0.257300020554,0.40074308624300004],[0.0,0.0,0.0,1.0]],"claim_level":"preinsert_diagnostic","family":"close_z_approach_-x","grasp_id":"g_1880b20e3a0175e5","ik":null,"library_index":4081,"preinsert_compatible":true,"quality":0.634822693784,"required_aperture_m":0.003174999714,"seated_compatible":false,"source_status":"phase1_preinsert_only_candidate"},{"T_P_E":[[0.260337429835,0.0,0.965517696693,0.017647111805],[0.965517696693,0.0,-0.260337429835,0.010821706746],[0.0,1.0,0.0,0.00622414279],[0.0,0.0,0.0,1.0]],"T_W_E_insert":null,"T_W_E_insert_nominal_witness":[[0.0,-1.0,0.0,0.41877585721],[-0.260337429835,0.0,-0.965517696693,-0.47264711180499996],[0.965517696693,0.0,-0.260337429835,0.36082170674600006],[0.0,0.0,0.0,1.0]],"T_W_E_preinsert":[[0.0,-1.0,0.0,0.41877585721],[-0.260337429835,0.0,-0.965517696693,-0.47264711180499996],[0.965517696693,0.0,-0.260337429835,0.40082170674600004],[0.0,0.0,0.0,1.0]],"claim_level":"preinsert_diagnostic","family":"close_z_approach_+x","grasp_id":"g_a4557f9e0632e75c","ik":null,"library_index":2845,"preinsert_compatible":true,"quality":0.66383473436,"required_aperture_m":0.003174999714,"seated_compatible":false,"source_status":"phase1_preinsert_only_candidate"},{"T_P_E":[[0.260337429835,0.0,0.965517696693,0.032228758741],[0.965517696693,0.0,-0.260337429835,0.010810083544],[0.0,1.0,0.0,0.00622414279],[0.0,0.0,0.0,1.0]],"T_W_E_insert":null,"T_W_E_insert_nominal_witness":[[0.0,-1.0,0.0,0.41877585721],[-0.260337429835,0.0,-0.965517696693,-0.48722875874099997],[0.965517696693,0.0,-0.260337429835,0.360810083544],[0.0,0.0,0.0,1.0]],"T_W_E_preinsert":[[0.0,-1.0,0.0,0.41877585721],[-0.260337429835,0.0,-0.965517696693,-0.48722875874099997],[0.965517696693,0.0,-0.260337429835,0.400810083544],[0.0,0.0,0.0,1.0]],"claim_level":"preinsert_diagnostic","family":"close_z_approach_+x","grasp_id":"g_78c991e9ae08362b","ik":null,"library_index":4426,"preinsert_compatible":true,"quality":0.622893481197,"required_aperture_m":0.003174999714,"seated_compatible":false,"source_status":"phase1_preinsert_only_candidate"},{"T_P_E":[[0.260337429835,0.0,0.965517696693,0.003956833373],[0.965517696693,0.0,-0.260337429835,0.010809119679],[0.0,1.0,0.0,0.00622414279],[0.0,0.0,0.0,1.0]],"T_W_E_insert":null,"T_W_E_insert_nominal_witness":[[0.0,-1.0,0.0,0.41877585721],[-0.260337429835,0.0,-0.965517696693,-0.458956833373],[0.965517696693,0.0,-0.260337429835,0.36080911967900003],[0.0,0.0,0.0,1.0]],"T_W_E_preinsert":[[0.0,-1.0,0.0,0.41877585721],[-0.260337429835,0.0,-0.965517696693,-0.458956833373],[0.965517696693,0.0,-0.260337429835,0.400809119679],[0.0,0.0,0.0,1.0]],"claim_level":"preinsert_diagnostic","family":"close_z_approach_+x","grasp_id":"g_cff610e9c65982ae","ik":null,"library_index":3815,"preinsert_compatible":true,"quality":0.63967429677,"required_aperture_m":0.003174999714,"seated_compatible":false,"source_status":"phase1_preinsert_only_candidate"},{"T_P_E":[[0.257300020554,0.0,-0.966331568057,0.000414161257],[-0.966331568057,0.0,-0.257300020554,0.010687807396],[0.0,1.0,0.0,0.00622414279],[0.0,0.0,0.0,1.0]],"T_W_E_insert":null,"T_W_E_insert_nominal_witness":[[0.0,-1.0,0.0,0.41877585721],[-0.257300020554,0.0,0.966331568057,-0.45541416125699996],[-0.966331568057,0.0,-0.257300020554,0.36068780739600004],[0.0,0.0,0.0,1.0]],"T_W_E_preinsert":[[0.0,-1.0,0.0,0.41877585721],[-0.257300020554,0.0,0.966331568057,-0.45541416125699996],[-0.966331568057,0.0,-0.257300020554,0.400687807396],[0.0,0.0,0.0,1.0]],"claim_level":"preinsert_diagnostic","family":"close_z_approach_-x","grasp_id":"g_f96f29e5211cba2c","ik":null,"library_index":4450,"preinsert_compatible":true,"quality":0.620853105153,"required_aperture_m":0.003174999714,"seated_compatible":false,"source_status":"phase1_preinsert_only_candidate"},{"T_P_E":[[0.257300020554,0.0,-0.966331568057,0.032983609932],[-0.966331568057,0.0,-0.257300020554,0.010627633144],[0.0,1.0,0.0,0.00622414279],[0.0,0.0,0.0,1.0]],"T_W_E_insert":null,"T_W_E_insert_nominal_witness":[[0.0,-1.0,0.0,0.41877585721],[-0.257300020554,0.0,0.966331568057,-0.48798360993199996],[-0.966331568057,0.0,-0.257300020554,0.36062763314400004],[0.0,0.0,0.0,1.0]],"T_W_E_preinsert":[[0.0,-1.0,0.0,0.41877585721],[-0.257300020554,0.0,0.966331568057,-0.48798360993199996],[-0.966331568057,0.0,-0.257300020554,0.400627633144],[0.0,0.0,0.0,1.0]],"claim_level":"preinsert_diagnostic","family":"close_z_approach_-x","grasp_id":"g_dee38c27b2ed60b6","ik":null,"library_index":3793,"preinsert_compatible":true,"quality":0.640191672923,"required_aperture_m":0.003174999714,"seated_compatible":false,"source_status":"phase1_preinsert_only_candidate"},{"T_P_E":[[0.260337429835,0.0,0.965517696693,0.027569806894],[0.965517696693,0.0,-0.260337429835,0.01073586833],[0.0,1.0,0.0,0.00622414279],[0.0,0.0,0.0,1.0]],"T_W_E_insert":null,"T_W_E_insert_nominal_witness":[[0.0,-1.0,0.0,0.41877585721],[-0.260337429835,0.0,-0.965517696693,-0.482569806894],[0.965517696693,0.0,-0.260337429835,0.36073586833000004],[0.0,0.0,0.0,1.0]],"T_W_E_preinsert":[[0.0,-1.0,0.0,0.41877585721],[-0.260337429835,0.0,-0.965517696693,-0.482569806894],[0.965517696693,0.0,-0.260337429835,0.40073586833],[0.0,0.0,0.0,1.0]],"claim_level":"preinsert_diagnostic","family":"close_z_approach_+x","grasp_id":"g_172f8127959b6a7d","ik":null,"library_index":4359,"preinsert_compatible":true,"quality":0.625646952176,"required_aperture_m":0.003174999714,"seated_compatible":false,"source_status":"phase1_preinsert_only_candidate"},{"T_P_E":[[0.260337429835,0.0,0.965517696693,0.012610093533],[0.965517696693,0.0,-0.260337429835,0.01073269351],[0.0,1.0,0.0,0.00622414279],[0.0,0.0,0.0,1.0]],"T_W_E_insert":null,"T_W_E_insert_nominal_witness":[[0.0,-1.0,0.0,0.41877585721],[-0.260337429835,0.0,-0.965517696693,-0.467610093533],[0.965517696693,0.0,-0.260337429835,0.36073269351000004],[0.0,0.0,0.0,1.0]],"T_W_E_preinsert":[[0.0,-1.0,0.0,0.41877585721],[-0.260337429835,0.0,-0.965517696693,-0.467610093533],[0.965517696693,0.0,-0.260337429835,0.40073269351],[0.0,0.0,0.0,1.0]],"claim_level":"preinsert_diagnostic","family":"close_z_approach_+x","grasp_id":"g_92acf7e24b214cc9","ik":null,"library_index":4094,"preinsert_compatible":true,"quality":0.634525871108,"required_aperture_m":0.003174999714,"seated_compatible":false,"source_status":"phase1_preinsert_only_candidate"},{"T_P_E":[[0.257300020554,0.0,-0.966331568057,0.034126355256],[-0.966331568057,0.0,-0.257300020554,0.010617723987],[0.0,1.0,0.0,0.00622414279],[0.0,0.0,0.0,1.0]],"T_W_E_insert":null,"T_W_E_insert_nominal_witness":[[0.0,-1.0,0.0,0.41877585721],[-0.257300020554,0.0,0.966331568057,-0.48912635525599996],[-0.966331568057,0.0,-0.257300020554,0.36061772398700004],[0.0,0.0,0.0,1.0]],"T_W_E_preinsert":[[0.0,-1.0,0.0,0.41877585721],[-0.257300020554,0.0,0.966331568057,-0.48912635525599996],[-0.966331568057,0.0,-0.257300020554,0.400617723987],[0.0,0.0,0.0,1.0]],"claim_level":"preinsert_diagnostic","family":"close_z_approach_-x","grasp_id":"g_e164af1e2217a9bf","ik":null,"library_index":3768,"preinsert_compatible":true,"quality":0.64086896058,"required_aperture_m":0.003174999714,"seated_compatible":false,"source_status":"phase1_preinsert_only_candidate"},{"T_P_E":[[0.260337429835,0.0,0.965517696693,0.031093723732],[0.965517696693,0.0,-0.260337429835,0.01072658418],[0.0,1.0,0.0,0.00622414279],[0.0,0.0,0.0,1.0]],"T_W_E_insert":null,"T_W_E_insert_nominal_witness":[[0.0,-1.0,0.0,0.41877585721],[-0.260337429835,0.0,-0.965517696693,-0.48609372373199994],[0.965517696693,0.0,-0.260337429835,0.36072658418000003],[0.0,0.0,0.0,1.0]],"T_W_E_preinsert":[[0.0,-1.0,0.0,0.41877585721],[-0.260337429835,0.0,-0.965517696693,-0.48609372373199994],[0.965517696693,0.0,-0.260337429835,0.40072658418],[0.0,0.0,0.0,1.0]],"claim_level":"preinsert_diagnostic","family":"close_z_approach_+x","grasp_id":"g_ade7e05110b2c259","ik":null,"library_index":4406,"preinsert_compatible":true,"quality":0.623553824462,"required_aperture_m":0.003174999714,"seated_compatible":false,"source_status":"phase1_preinsert_only_candidate"},{"T_P_E":[[0.257300020554,0.0,-0.966331568057,0.002733793623],[-0.966331568057,0.0,-0.257300020554,0.01059312964],[0.0,1.0,0.0,0.00622414279],[0.0,0.0,0.0,1.0]],"T_W_E_insert":null,"T_W_E_insert_nominal_witness":[[0.0,-1.0,0.0,0.41877585721],[-0.257300020554,0.0,0.966331568057,-0.457733793623],[-0.966331568057,0.0,-0.257300020554,0.36059312964],[0.0,0.0,0.0,1.0]],"T_W_E_preinsert":[[0.0,-1.0,0.0,0.41877585721],[-0.257300020554,0.0,0.966331568057,-0.457733793623],[-0.966331568057,0.0,-0.257300020554,0.40059312964],[0.0,0.0,0.0,1.0]],"claim_level":"preinsert_diagnostic","family":"close_z_approach_-x","grasp_id":"g_47d06c01025c3ee2","ik":null,"library_index":4435,"preinsert_compatible":true,"quality":0.622216121583,"required_aperture_m":0.003174999714,"seated_compatible":false,"source_status":"phase1_preinsert_only_candidate"},{"T_P_E":[[0.257300020554,0.0,-0.966331568057,0.029488197679],[-0.966331568057,0.0,-0.257300020554,0.010588549449],[0.0,1.0,0.0,0.00622414279],[0.0,0.0,0.0,1.0]],"T_W_E_insert":null,"T_W_E_insert_nominal_witness":[[0.0,-1.0,0.0,0.41877585721],[-0.257300020554,0.0,0.966331568057,-0.484488197679],[-0.966331568057,0.0,-0.257300020554,0.36058854944900004],[0.0,0.0,0.0,1.0]],"T_W_E_preinsert":[[0.0,-1.0,0.0,0.41877585721],[-0.257300020554,0.0,0.966331568057,-0.484488197679],[-0.966331568057,0.0,-0.257300020554,0.400588549449],[0.0,0.0,0.0,1.0]],"claim_level":"preinsert_diagnostic","family":"close_z_approach_-x","grasp_id":"g_35474ba5873adca0","ik":null,"library_index":3895,"preinsert_compatible":true,"quality":0.63810901917,"required_aperture_m":0.003174999714,"seated_compatible":false,"source_status":"phase1_preinsert_only_candidate"},{"T_P_E":[[0.260337429835,0.0,0.965517696693,0.000414161257],[0.965517696693,0.0,-0.260337429835,0.010687807396],[0.0,1.0,0.0,0.00622414279],[0.0,0.0,0.0,1.0]],"T_W_E_insert":null,"T_W_E_insert_nominal_witness":[[0.0,-1.0,0.0,0.41877585721],[-0.260337429835,0.0,-0.965517696693,-0.45541416125699996],[0.965517696693,0.0,-0.260337429835,0.36068780739600004],[0.0,0.0,0.0,1.0]],"T_W_E_preinsert":[[0.0,-1.0,0.0,0.41877585721],[-0.260337429835,0.0,-0.965517696693,-0.45541416125699996],[0.965517696693,0.0,-0.260337429835,0.400687807396],[0.0,0.0,0.0,1.0]],"claim_level":"preinsert_diagnostic","family":"close_z_approach_+x","grasp_id":"g_2e2a29564d02faf0","ik":null,"library_index":3716,"preinsert_compatible":true,"quality":0.641757655681,"required_aperture_m":0.003174999714,"seated_compatible":false,"source_status":"phase1_preinsert_only_candidate"},{"T_P_E":[[0.257300020554,0.0,-0.966331568057,0.020950756303],[-0.966331568057,0.0,-0.257300020554,0.010566826076],[0.0,1.0,0.0,0.00622414279],[0.0,0.0,0.0,1.0]],"T_W_E_insert":null,"T_W_E_insert_nominal_witness":[[0.0,-1.0,0.0,0.41877585721],[-0.257300020554,0.0,0.966331568057,-0.475950756303],[-0.966331568057,0.0,-0.257300020554,0.36056682607600005],[0.0,0.0,0.0,1.0]],"T_W_E_preinsert":[[0.0,-1.0,0.0,0.41877585721],[-0.257300020554,0.0,0.966331568057,-0.475950756303],[-0.966331568057,0.0,-0.257300020554,0.400566826076],[0.0,0.0,0.0,1.0]],"claim_level":"preinsert_diagnostic","family":"close_z_approach_-x","grasp_id":"g_e43e947db0535d4e","ik":null,"library_index":4142,"preinsert_compatible":true,"quality":0.633033862283,"required_aperture_m":0.003174999714,"seated_compatible":false,"source_status":"phase1_preinsert_only_candidate"},{"T_P_E":[[0.257300020554,0.0,-0.966331568057,0.010958014158],[-0.966331568057,0.0,-0.257300020554,0.010562240036],[0.0,1.0,0.0,0.00622414279],[0.0,0.0,0.0,1.0]],"T_W_E_insert":null,"T_W_E_insert_nominal_witness":[[0.0,-1.0,0.0,0.41877585721],[-0.257300020554,0.0,0.966331568057,-0.465958014158],[-0.966331568057,0.0,-0.257300020554,0.360562240036],[0.0,0.0,0.0,1.0]],"T_W_E_preinsert":[[0.0,-1.0,0.0,0.41877585721],[-0.257300020554,0.0,0.966331568057,-0.465958014158],[-0.966331568057,0.0,-0.257300020554,0.400562240036],[0.0,0.0,0.0,1.0]],"claim_level":"preinsert_diagnostic","family":"close_z_approach_-x","grasp_id":"g_85f2bc72b13cd9c5","ik":null,"library_index":4325,"preinsert_compatible":true,"quality":0.627096885536,"required_aperture_m":0.003174999714,"seated_compatible":false,"source_status":"phase1_preinsert_only_candidate"},{"T_P_E":[[0.257300020554,0.0,-0.966331568057,0.026443862901],[-0.966331568057,0.0,-0.257300020554,0.010543799963],[0.0,1.0,0.0,0.00622414279],[0.0,0.0,0.0,1.0]],"T_W_E_insert":null,"T_W_E_insert_nominal_witness":[[0.0,-1.0,0.0,0.41877585721],[-0.257300020554,0.0,0.966331568057,-0.48144386290099994],[-0.966331568057,0.0,-0.257300020554,0.360543799963],[0.0,0.0,0.0,1.0]],"T_W_E_preinsert":[[0.0,-1.0,0.0,0.41877585721],[-0.257300020554,0.0,0.966331568057,-0.48144386290099994],[-0.966331568057,0.0,-0.257300020554,0.400543799963],[0.0,0.0,0.0,1.0]],"claim_level":"preinsert_diagnostic","family":"close_z_approach_-x","grasp_id":"g_d71e29064f6484b8","ik":null,"library_index":4017,"preinsert_compatible":true,"quality":0.636293434635,"required_aperture_m":0.003174999714,"seated_compatible":false,"source_status":"phase1_preinsert_only_candidate"},{"T_P_E":[[0.257300020554,0.0,-0.966331568057,0.035230519373],[-0.966331568057,0.0,-0.257300020554,0.010529327314],[0.0,1.0,0.0,0.00622414279],[0.0,0.0,0.0,1.0]],"T_W_E_insert":null,"T_W_E_insert_nominal_witness":[[0.0,-1.0,0.0,0.41877585721],[-0.257300020554,0.0,0.966331568057,-0.49023051937299994],[-0.966331568057,0.0,-0.257300020554,0.36052932731400006],[0.0,0.0,0.0,1.0]],"T_W_E_preinsert":[[0.0,-1.0,0.0,0.41877585721],[-0.257300020554,0.0,0.966331568057,-0.49023051937299994],[-0.966331568057,0.0,-0.257300020554,0.40052932731400004],[0.0,0.0,0.0,1.0]],"claim_level":"preinsert_diagnostic","family":"close_z_approach_-x","grasp_id":"g_648c980a392f9889","ik":null,"library_index":3732,"preinsert_compatible":true,"quality":0.641510913967,"required_aperture_m":0.003174999714,"seated_compatible":false,"source_status":"phase1_preinsert_only_candidate"},{"T_P_E":[[0.260337429835,0.0,0.965517696693,0.010366092492],[0.965517696693,0.0,-0.260337429835,0.010616477621],[0.0,1.0,0.0,0.00622414279],[0.0,0.0,0.0,1.0]],"T_W_E_insert":null,"T_W_E_insert_nominal_witness":[[0.0,-1.0,0.0,0.41877585721],[-0.260337429835,0.0,-0.965517696693,-0.46536609249199995],[0.965517696693,0.0,-0.260337429835,0.360616477621],[0.0,0.0,0.0,1.0]],"T_W_E_preinsert":[[0.0,-1.0,0.0,0.41877585721],[-0.260337429835,0.0,-0.965517696693,-0.46536609249199995],[0.965517696693,0.0,-0.260337429835,0.400616477621],[0.0,0.0,0.0,1.0]],"claim_level":"preinsert_diagnostic","family":"close_z_approach_+x","grasp_id":"g_f3f99eb34da6b3ce","ik":null,"library_index":4048,"preinsert_compatible":true,"quality":0.635839211705,"required_aperture_m":0.003174999714,"seated_compatible":false,"source_status":"phase1_preinsert_only_candidate"},{"T_P_E":[[0.260337429835,0.0,0.965517696693,0.016209995622],[0.965517696693,0.0,-0.260337429835,0.010599400808],[0.0,1.0,0.0,0.00622414279],[0.0,0.0,0.0,1.0]],"T_W_E_insert":null,"T_W_E_insert_nominal_witness":[[0.0,-1.0,0.0,0.41877585721],[-0.260337429835,0.0,-0.965517696693,-0.47120999562199994],[0.965517696693,0.0,-0.260337429835,0.360599400808],[0.0,0.0,0.0,1.0]],"T_W_E_preinsert":[[0.0,-1.0,0.0,0.41877585721],[-0.260337429835,0.0,-0.965517696693,-0.47120999562199994],[0.965517696693,0.0,-0.260337429835,0.400599400808],[0.0,0.0,0.0,1.0]],"claim_level":"preinsert_diagnostic","family":"close_z_approach_+x","grasp_id":"g_d2db6ae1dfb8bcb5","ik":null,"library_index":2767,"preinsert_compatible":true,"quality":0.664652164617,"required_aperture_m":0.003174999714,"seated_compatible":false,"source_status":"phase1_preinsert_only_candidate"},{"T_P_E":[[0.257300020554,0.0,-0.966331568057,0.01349345574],[-0.966331568057,0.0,-0.257300020554,0.010488340707],[0.0,1.0,0.0,0.00622414279],[0.0,0.0,0.0,1.0]],"T_W_E_insert":null,"T_W_E_insert_nominal_witness":[[0.0,-1.0,0.0,0.41877585721],[-0.257300020554,0.0,0.966331568057,-0.46849345573999995],[-0.966331568057,0.0,-0.257300020554,0.36048834070700003],[0.0,0.0,0.0,1.0]],"T_W_E_preinsert":[[0.0,-1.0,0.0,0.41877585721],[-0.257300020554,0.0,0.966331568057,-0.46849345573999995],[-0.966331568057,0.0,-0.257300020554,0.400488340707],[0.0,0.0,0.0,1.0]],"claim_level":"preinsert_diagnostic","family":"close_z_approach_-x","grasp_id":"g_5c58e1f6c788ee3d","ik":null,"library_index":4277,"preinsert_compatible":true,"quality":0.628591391442,"required_aperture_m":0.003174999714,"seated_compatible":false,"source_status":"phase1_preinsert_only_candidate"},{"T_P_E":[[0.260337429835,0.0,0.965517696693,0.002733793623],[0.965517696693,0.0,-0.260337429835,0.01059312964],[0.0,1.0,0.0,0.00622414279],[0.0,0.0,0.0,1.0]],"T_W_E_insert":null,"T_W_E_insert_nominal_witness":[[0.0,-1.0,0.0,0.41877585721],[-0.260337429835,0.0,-0.965517696693,-0.457733793623],[0.965517696693,0.0,-0.260337429835,0.36059312964],[0.0,0.0,0.0,1.0]],"T_W_E_preinsert":[[0.0,-1.0,0.0,0.41877585721],[-0.260337429835,0.0,-0.965517696693,-0.457733793623],[0.965517696693,0.0,-0.260337429835,0.40059312964],[0.0,0.0,0.0,1.0]],"claim_level":"preinsert_diagnostic","family":"close_z_approach_+x","grasp_id":"g_ec43be2e042561c5","ik":null,"library_index":3785,"preinsert_compatible":true,"quality":0.640365671503,"required_aperture_m":0.003174999714,"seated_compatible":false,"source_status":"phase1_preinsert_only_candidate"},{"T_P_E":[[0.260337429835,0.0,0.965517696693,0.020950756303],[0.965517696693,0.0,-0.260337429835,0.010566826076],[0.0,1.0,0.0,0.00622414279],[0.0,0.0,0.0,1.0]],"T_W_E_insert":null,"T_W_E_insert_nominal_witness":[[0.0,-1.0,0.0,0.41877585721],[-0.260337429835,0.0,-0.965517696693,-0.475950756303],[0.965517696693,0.0,-0.260337429835,0.36056682607600005],[0.0,0.0,0.0,1.0]],"T_W_E_preinsert":[[0.0,-1.0,0.0,0.41877585721],[-0.260337429835,0.0,-0.965517696693,-0.475950756303],[0.965517696693,0.0,-0.260337429835,0.400566826076],[0.0,0.0,0.0,1.0]],"claim_level":"preinsert_diagnostic","family":"close_z_approach_+x","grasp_id":"g_8fceb544a2848964","ik":null,"library_index":4252,"preinsert_compatible":true,"quality":0.629548674996,"required_aperture_m":0.003174999714,"seated_compatible":false,"source_status":"phase1_preinsert_only_candidate"},{"T_P_E":[[0.257300020554,0.0,-0.966331568057,0.017158479086],[-0.966331568057,0.0,-0.257300020554,0.01044844139],[0.0,1.0,0.0,0.00622414279],[0.0,0.0,0.0,1.0]],"T_W_E_insert":null,"T_W_E_insert_nominal_witness":[[0.0,-1.0,0.0,0.41877585721],[-0.257300020554,0.0,0.966331568057,-0.47215847908599995],[-0.966331568057,0.0,-0.257300020554,0.36044844139000004],[0.0,0.0,0.0,1.0]],"T_W_E_preinsert":[[0.0,-1.0,0.0,0.41877585721],[-0.257300020554,0.0,0.966331568057,-0.47215847908599995],[-0.966331568057,0.0,-0.257300020554,0.40044844139],[0.0,0.0,0.0,1.0]],"claim_level":"preinsert_diagnostic","family":"close_z_approach_-x","grasp_id":"g_9c99c90dbb9c0947","ik":null,"library_index":2909,"preinsert_compatible":true,"quality":0.663046679981,"required_aperture_m":0.003174999714,"seated_compatible":false,"source_status":"phase1_preinsert_only_candidate"},{"T_P_E":[[0.260337429835,0.0,0.965517696693,0.009106436473],[0.965517696693,0.0,-0.260337429835,0.010550136694],[0.0,1.0,0.0,0.00622414279],[0.0,0.0,0.0,1.0]],"T_W_E_insert":null,"T_W_E_insert_nominal_witness":[[0.0,-1.0,0.0,0.41877585721],[-0.260337429835,0.0,-0.965517696693,-0.464106436473],[0.965517696693,0.0,-0.260337429835,0.36055013669400005],[0.0,0.0,0.0,1.0]],"T_W_E_preinsert":[[0.0,-1.0,0.0,0.41877585721],[-0.260337429835,0.0,-0.965517696693,-0.464106436473],[0.965517696693,0.0,-0.260337429835,0.400550136694],[0.0,0.0,0.0,1.0]],"claim_level":"preinsert_diagnostic","family":"close_z_approach_+x","grasp_id":"g_8edfabcd43dd8e24","ik":null,"library_index":4005,"preinsert_compatible":true,"quality":0.636576270609,"required_aperture_m":0.003174999714,"seated_compatible":false,"source_status":"phase1_preinsert_only_candidate"},{"T_P_E":[[0.260337429835,0.0,0.965517696693,0.026443862901],[0.965517696693,0.0,-0.260337429835,0.010543799963],[0.0,1.0,0.0,0.00622414279],[0.0,0.0,0.0,1.0]],"T_W_E_insert":null,"T_W_E_insert_nominal_witness":[[0.0,-1.0,0.0,0.41877585721],[-0.260337429835,0.0,-0.965517696693,-0.48144386290099994],[0.965517696693,0.0,-0.260337429835,0.360543799963],[0.0,0.0,0.0,1.0]],"T_W_E_preinsert":[[0.0,-1.0,0.0,0.41877585721],[-0.260337429835,0.0,-0.965517696693,-0.48144386290099994],[0.965517696693,0.0,-0.260337429835,0.400543799963],[0.0,0.0,0.0,1.0]],"claim_level":"preinsert_diagnostic","family":"close_z_approach_+x","grasp_id":"g_3f7c55625f3e5b87","ik":null,"library_index":4347,"preinsert_compatible":true,"quality":0.626284523651,"required_aperture_m":0.003174999714,"seated_compatible":false,"source_status":"phase1_preinsert_only_candidate"},{"T_P_E":[[0.257300020554,0.0,-0.966331568057,0.03145491385],[-0.966331568057,0.0,-0.257300020554,0.010430522756],[0.0,1.0,0.0,0.00622414279],[0.0,0.0,0.0,1.0]],"T_W_E_insert":null,"T_W_E_insert_nominal_witness":[[0.0,-1.0,0.0,0.41877585721],[-0.257300020554,0.0,0.966331568057,-0.48645491384999995],[-0.966331568057,0.0,-0.257300020554,0.360430522756],[0.0,0.0,0.0,1.0]],"T_W_E_preinsert":[[0.0,-1.0,0.0,0.41877585721],[-0.257300020554,0.0,0.966331568057,-0.48645491384999995],[-0.966331568057,0.0,-0.257300020554,0.400430522756],[0.0,0.0,0.0,1.0]],"claim_level":"preinsert_diagnostic","family":"close_z_approach_-x","grasp_id":"g_2ba3f5bd21743559","ik":null,"library_index":3838,"preinsert_compatible":true,"quality":0.639252363217,"required_aperture_m":0.003174999714,"seated_compatible":false,"source_status":"phase1_preinsert_only_candidate"},{"T_P_E":[[0.260337429835,0.0,0.965517696693,0.014389035773],[0.965517696693,0.0,-0.260337429835,0.010535850094],[0.0,1.0,0.0,0.00622414279],[0.0,0.0,0.0,1.0]],"T_W_E_insert":null,"T_W_E_insert_nominal_witness":[[0.0,-1.0,0.0,0.41877585721],[-0.260337429835,0.0,-0.965517696693,-0.46938903577299995],[0.965517696693,0.0,-0.260337429835,0.360535850094],[0.0,0.0,0.0,1.0]],"T_W_E_preinsert":[[0.0,-1.0,0.0,0.41877585721],[-0.260337429835,0.0,-0.965517696693,-0.46938903577299995],[0.965517696693,0.0,-0.260337429835,0.400535850094],[0.0,0.0,0.0,1.0]],"claim_level":"preinsert_diagnostic","family":"close_z_approach_+x","grasp_id":"g_5938cb1d378bc962","ik":null,"library_index":4128,"preinsert_compatible":true,"quality":0.633438465828,"required_aperture_m":0.003174999714,"seated_compatible":false,"source_status":"phase1_preinsert_only_candidate"},{"T_P_E":[[0.260337429835,0.0,0.965517696693,0.035230519373],[0.965517696693,0.0,-0.260337429835,0.010529327314],[0.0,1.0,0.0,0.00622414279],[0.0,0.0,0.0,1.0]],"T_W_E_insert":null,"T_W_E_insert_nominal_witness":[[0.0,-1.0,0.0,0.41877585721],[-0.260337429835,0.0,-0.965517696693,-0.49023051937299994],[0.965517696693,0.0,-0.260337429835,0.36052932731400006],[0.0,0.0,0.0,1.0]],"T_W_E_preinsert":[[0.0,-1.0,0.0,0.41877585721],[-0.260337429835,0.0,-0.965517696693,-0.49023051937299994],[0.965517696693,0.0,-0.260337429835,0.40052932731400004],[0.0,0.0,0.0,1.0]],"claim_level":"preinsert_diagnostic","family":"close_z_approach_+x","grasp_id":"g_841014b2ca40de5d","ik":null,"library_index":4447,"preinsert_compatible":true,"quality":0.62106683507,"required_aperture_m":0.003174999714,"seated_compatible":false,"source_status":"phase1_preinsert_only_candidate"},{"T_P_E":[[0.257300020554,0.0,-0.966331568057,0.018413028315],[-0.966331568057,0.0,-0.257300020554,0.010418761234],[0.0,1.0,0.0,0.00622414279],[0.0,0.0,0.0,1.0]],"T_W_E_insert":null,"T_W_E_insert_nominal_witness":[[0.0,-1.0,0.0,0.41877585721],[-0.257300020554,0.0,0.966331568057,-0.473413028315],[-0.966331568057,0.0,-0.257300020554,0.360418761234],[0.0,0.0,0.0,1.0]],"T_W_E_preinsert":[[0.0,-1.0,0.0,0.41877585721],[-0.257300020554,0.0,0.966331568057,-0.473413028315],[-0.966331568057,0.0,-0.257300020554,0.400418761234],[0.0,0.0,0.0,1.0]],"claim_level":"preinsert_diagnostic","family":"close_z_approach_-x","grasp_id":"g_5a35999e50e81a19","ik":null,"library_index":2852,"preinsert_compatible":true,"quality":0.663787258148,"required_aperture_m":0.003174999714,"seated_compatible":false,"source_status":"phase1_preinsert_only_candidate"},{"T_P_E":[[0.257300020554,0.0,-0.966331568057,0.005249670021],[-0.966331568057,0.0,-0.257300020554,0.010412853903],[0.0,1.0,0.0,0.00622414279],[0.0,0.0,0.0,1.0]],"T_W_E_insert":null,"T_W_E_insert_nominal_witness":[[0.0,-1.0,0.0,0.41877585721],[-0.257300020554,0.0,0.966331568057,-0.460249670021],[-0.966331568057,0.0,-0.257300020554,0.36041285390300004],[0.0,0.0,0.0,1.0]],"T_W_E_preinsert":[[0.0,-1.0,0.0,0.41877585721],[-0.257300020554,0.0,0.966331568057,-0.460249670021],[-0.966331568057,0.0,-0.257300020554,0.400412853903],[0.0,0.0,0.0,1.0]],"claim_level":"preinsert_diagnostic","family":"close_z_approach_-x","grasp_id":"g_3c07af2757effe26","ik":null,"library_index":4404,"preinsert_compatible":true,"quality":0.623682178448,"required_aperture_m":0.003174999714,"seated_compatible":false,"source_status":"phase1_preinsert_only_candidate"},{"T_P_E":[[0.260337429835,0.0,0.965517696693,0.02197805728],[0.965517696693,0.0,-0.260337429835,0.010522271611],[0.0,1.0,0.0,0.00622414279],[0.0,0.0,0.0,1.0]],"T_W_E_insert":null,"T_W_E_insert_nominal_witness":[[0.0,-1.0,0.0,0.41877585721],[-0.260337429835,0.0,-0.965517696693,-0.47697805728],[0.965517696693,0.0,-0.260337429835,0.36052227161100003],[0.0,0.0,0.0,1.0]],"T_W_E_preinsert":[[0.0,-1.0,0.0,0.41877585721],[-0.260337429835,0.0,-0.965517696693,-0.47697805728],[0.965517696693,0.0,-0.260337429835,0.400522271611],[0.0,0.0,0.0,1.0]],"claim_level":"preinsert_diagnostic","family":"close_z_approach_+x","grasp_id":"g_38a67e0a1203bdd8","ik":null,"library_index":4264,"preinsert_compatible":true,"quality":0.628931783725,"required_aperture_m":0.003174999714,"seated_compatible":false,"source_status":"phase1_preinsert_only_candidate"},{"T_P_E":[[0.260337429835,0.0,0.965517696693,0.006555753158],[0.965517696693,0.0,-0.260337429835,0.01048371715],[0.0,1.0,0.0,0.00622414279],[0.0,0.0,0.0,1.0]],"T_W_E_insert":null,"T_W_E_insert_nominal_witness":[[0.0,-1.0,0.0,0.41877585721],[-0.260337429835,0.0,-0.965517696693,-0.46155575315799996],[0.965517696693,0.0,-0.260337429835,0.36048371715000005],[0.0,0.0,0.0,1.0]],"T_W_E_preinsert":[[0.0,-1.0,0.0,0.41877585721],[-0.260337429835,0.0,-0.965517696693,-0.46155575315799996],[0.965517696693,0.0,-0.260337429835,0.40048371715000003],[0.0,0.0,0.0,1.0]],"claim_level":"preinsert_diagnostic","family":"close_z_approach_+x","grasp_id":"g_291b0bce2bcf6064","ik":null,"library_index":3896,"preinsert_compatible":true,"quality":0.638079613879,"required_aperture_m":0.003174999714,"seated_compatible":false,"source_status":"phase1_preinsert_only_candidate"},{"T_P_E":[[0.257300020554,0.0,-0.966331568057,0.028102780127],[-0.966331568057,0.0,-0.257300020554,0.010373349869],[0.0,1.0,0.0,0.00622414279],[0.0,0.0,0.0,1.0]],"T_W_E_insert":null,"T_W_E_insert_nominal_witness":[[0.0,-1.0,0.0,0.41877585721],[-0.257300020554,0.0,0.966331568057,-0.483102780127],[-0.966331568057,0.0,-0.257300020554,0.36037334986900005],[0.0,0.0,0.0,1.0]],"T_W_E_preinsert":[[0.0,-1.0,0.0,0.41877585721],[-0.257300020554,0.0,0.966331568057,-0.483102780127],[-0.966331568057,0.0,-0.257300020554,0.40037334986900003],[0.0,0.0,0.0,1.0]],"claim_level":"preinsert_diagnostic","family":"close_z_approach_-x","grasp_id":"g_7f1bb8e3a0710c82","ik":null,"library_index":3958,"preinsert_compatible":true,"quality":0.637251963695,"required_aperture_m":0.003174999714,"seated_compatible":false,"source_status":"phase1_preinsert_only_candidate"},{"T_P_E":[[0.260337429835,0.0,0.965517696693,0.03373730583],[0.965517696693,0.0,-0.260337429835,0.010449494188],[0.0,1.0,0.0,0.00622414279],[0.0,0.0,0.0,1.0]],"T_W_E_insert":null,"T_W_E_insert_nominal_witness":[[0.0,-1.0,0.0,0.41877585721],[-0.260337429835,0.0,-0.965517696693,-0.48873730582999997],[0.965517696693,0.0,-0.260337429835,0.36044949418800004],[0.0,0.0,0.0,1.0]],"T_W_E_preinsert":[[0.0,-1.0,0.0,0.41877585721],[-0.260337429835,0.0,-0.965517696693,-0.48873730582999997],[0.965517696693,0.0,-0.260337429835,0.400449494188],[0.0,0.0,0.0,1.0]],"claim_level":"preinsert_diagnostic","family":"close_z_approach_+x","grasp_id":"g_2b1e0e1c7e2fe423","ik":null,"library_index":4438,"preinsert_compatible":true,"quality":0.621940364097,"required_aperture_m":0.003174999714,"seated_compatible":false,"source_status":"phase1_preinsert_only_candidate"},{"T_P_E":[[0.260337429835,0.0,0.965517696693,0.007783234385],[0.965517696693,0.0,-0.260337429835,0.01043911046],[0.0,1.0,0.0,0.00622414279],[0.0,0.0,0.0,1.0]],"T_W_E_insert":null,"T_W_E_insert_nominal_witness":[[0.0,-1.0,0.0,0.41877585721],[-0.260337429835,0.0,-0.965517696693,-0.46278323438499996],[0.965517696693,0.0,-0.260337429835,0.36043911046000005],[0.0,0.0,0.0,1.0]],"T_W_E_preinsert":[[0.0,-1.0,0.0,0.41877585721],[-0.260337429835,0.0,-0.965517696693,-0.46278323438499996],[0.965517696693,0.0,-0.260337429835,0.40043911046],[0.0,0.0,0.0,1.0]],"claim_level":"preinsert_diagnostic","family":"close_z_approach_+x","grasp_id":"g_67ed2dac221b8a49","ik":null,"library_index":3951,"preinsert_compatible":true,"quality":0.637343896069,"required_aperture_m":0.003174999714,"seated_compatible":false,"source_status":"phase1_preinsert_only_candidate"},{"T_P_E":[[0.257300020554,0.0,-0.966331568057,0.006627343805],[-0.966331568057,0.0,-0.257300020554,0.010315849613],[0.0,1.0,0.0,0.00622414279],[0.0,0.0,0.0,1.0]],"T_W_E_insert":null,"T_W_E_insert_nominal_witness":[[0.0,-1.0,0.0,0.41877585721],[-0.257300020554,0.0,0.966331568057,-0.461627343805],[-0.966331568057,0.0,-0.257300020554,0.360315849613],[0.0,0.0,0.0,1.0]],"T_W_E_preinsert":[[0.0,-1.0,0.0,0.41877585721],[-0.257300020554,0.0,0.966331568057,-0.461627343805],[-0.966331568057,0.0,-0.257300020554,0.40031584961300004],[0.0,0.0,0.0,1.0]],"claim_level":"preinsert_diagnostic","family":"close_z_approach_-x","grasp_id":"g_8d5cf03bf9325c6c","ik":null,"library_index":4387,"preinsert_compatible":true,"quality":0.624485250454,"required_aperture_m":0.003174999714,"seated_compatible":false,"source_status":"phase1_preinsert_only_candidate"},{"T_P_E":[[0.260337429835,0.0,0.965517696693,0.005249670021],[0.965517696693,0.0,-0.260337429835,0.010412853903],[0.0,1.0,0.0,0.00622414279],[0.0,0.0,0.0,1.0]],"T_W_E_insert":null,"T_W_E_insert_nominal_witness":[[0.0,-1.0,0.0,0.41877585721],[-0.260337429835,0.0,-0.965517696693,-0.460249670021],[0.965517696693,0.0,-0.260337429835,0.36041285390300004],[0.0,0.0,0.0,1.0]],"T_W_E_preinsert":[[0.0,-1.0,0.0,0.41877585721],[-0.260337429835,0.0,-0.965517696693,-0.460249670021],[0.965517696693,0.0,-0.260337429835,0.400412853903],[0.0,0.0,0.0,1.0]],"claim_level":"preinsert_diagnostic","family":"close_z_approach_+x","grasp_id":"g_ed3897fe56611ce6","ik":null,"library_index":3854,"preinsert_compatible":true,"quality":0.638843506109,"required_aperture_m":0.003174999714,"seated_compatible":false,"source_status":"phase1_preinsert_only_candidate"},{"T_P_E":[[0.257300020554,0.0,-0.966331568057,0.001554354618],[-0.966331568057,0.0,-0.257300020554,0.010251428594],[0.0,1.0,0.0,0.00622414279],[0.0,0.0,0.0,1.0]],"T_W_E_insert":null,"T_W_E_insert_nominal_witness":[[0.0,-1.0,0.0,0.41877585721],[-0.257300020554,0.0,0.966331568057,-0.456554354618],[-0.966331568057,0.0,-0.257300020554,0.36025142859400006],[0.0,0.0,0.0,1.0]],"T_W_E_preinsert":[[0.0,-1.0,0.0,0.41877585721],[-0.257300020554,0.0,0.966331568057,-0.456554354618],[-0.966331568057,0.0,-0.257300020554,0.40025142859400004],[0.0,0.0,0.0,1.0]],"claim_level":"preinsert_diagnostic","family":"close_z_approach_-x","grasp_id":"