{"artifact_type":"robot_independent_insertion_task_set","cells":[{"bounds":{"roll_rad":[-3.14159265359,-2.879793265791],"u_P_m":[0.00017830681,0.003150106959],"v_P_m":[0.00463664293,0.007208392975]},"center_pose":{"T_P_E":[[0.13052619222,0.0,-0.991444861374,0.001664206884],[0.0,1.0,0.0,0.007062596679],[0.991444861374,0.0,0.13052619222,0.005922517952],[0.0,0.0,0.0,1.0]],"constructive_map_version":1,"required_aperture_m":0.007620000124,"source":"contact_mode_constructive_map","theta":{"roll_rad":-3.010692959691,"u_P_m":0.001664206884,"v_P_m":0.005922517952}},"classification":"REJECTED","classification_reason":"PAD_FOOTPRINT_CANNOT_FIT_U_PATCH_FOR_ANY_ROLL","contact_mode":"housing_opposed_y","grid_index":{"roll":0,"u":0,"v":0},"id":"task_cell_e64c759b00f2118e","representative":{"T_P_E":[[0.255153235504,0.0,-0.966900629026,0.001355082219],[0.0,1.0,0.0,0.007062596679],[0.966900629026,0.0,0.255153235504,0.005988163178],[0.0,0.0,0.0,1.0]],"quality":0.711111135635,"required_aperture_m":0.007620000124,"seed_grasp_id":"g_061401aa1c430e79","seed_library_index":1481,"seed_status":"rejected_preinsert_pcb_collision"},"seed_witness_count":3,"witnesses":[{"claim":"SAMPLED_LIBRARY_REJECTION_WITNESS","infinite_plane_preinsert_clearance_m":-0.059489998287,"infinite_plane_seated_clearance_m":-0.099489998287,"scope":"single sampled T_P_E only; never a whole-cell claim","seed_grasp_id":"g_061401aa1c430e79","seed_status":"rejected_preinsert_pcb_collision"}]},{"bounds":{"roll_rad":[-2.879793265791,-2.617993877991],"u_P_m":[0.00017830681,0.003150106959],"v_P_m":[0.00463664293,0.007208392975]},"center_pose":{"T_P_E":[[0.382683432365,0.0,-0.923879532511,0.001664206884],[0.0,1.0,0.0,0.007062596679],[0.923879532511,0.0,0.382683432365,0.005922517952],[0.0,0.0,0.0,1.0]],"constructive_map_version":1,"required_aperture_m":0.007620000124,"source":"contact_mode_constructive_map","theta":{"roll_rad":-2.748893571891,"u_P_m":0.001664206884,"v_P_m":0.005922517952}},"classification":"REJECTED","classification_reason":"PAD_FOOTPRINT_CANNOT_FIT_U_PATCH_FOR_ANY_ROLL","contact_mode":"housing_opposed_y","grid_index":{"roll":1,"u":0,"v":0},"id":"task_cell_0969f3b5946e67ce","representative":{"T_P_E":[[0.496711397348,0.0,-0.867915772264,0.001460493682],[0.0,1.0,0.0,0.007062596679],[0.867915772264,0.0,0.496711397348,0.006440405808],[0.0,0.0,0.0,1.0]],"quality":0.697617412646,"required_aperture_m":0.007620000124,"seed_grasp_id":"g_e05f7c9ffc7d4a02","seed_library_index":1796,"seed_status":"rejected_preinsert_pcb_collision"},"seed_witness_count":4,"witnesses":[{"claim":"SAMPLED_LIBRARY_REJECTION_WITNESS","infinite_plane_preinsert_clearance_m":-0.059489998287,"infinite_plane_seated_clearance_m":-0.099489998287,"scope":"single sampled T_P_E only; never a whole-cell claim","seed_grasp_id":"g_e05f7c9ffc7d4a02","seed_status":"rejected_preinsert_pcb_collision"}]},{"bounds":{"roll_rad":[-2.617993877991,-2.356194490192],"u_P_m":[0.00017830681,0.003150106959],"v_P_m":[0.00463664293,0.007208392975]},"center_pose":{"T_P_E":[[0.608761429009,0.0,-0.793353340291,0.001664206884],[0.0,1.0,0.0,0.007062596679],[0.793353340291,0.0,0.608761429009,0.005922517952],[0.0,0.0,0.0,1.0]],"constructive_map_version":1,"required_aperture_m":0.007620000124,"source":"contact_mode_constructive_map","theta":{"roll_rad":-2.487094184092,"u_P_m":0.001664206884,"v_P_m":0.005922517952}},"classification":"REJECTED","classification_reason":"PAD_FOOTPRINT_CANNOT_FIT_U_PATCH_FOR_ANY_ROLL","contact_mode":"housing_opposed_y","grid_index":{"roll":2,"u":0,"v":0},"id":"task_cell_0c7f1318fb0de35f","representative":{"T_P_E":[[0.704419498318,0.0,-0.70978388992,0.001310363029],[0.0,1.0,0.0,0.007062596679],[0.70978388992,0.0,0.704419498318,0.005283469988],[0.0,0.0,0.0,1.0]],"quality":0.685775906024,"required_aperture_m":0.007620000124,"seed_grasp_id":"g_dcb9af2828c30ac2","seed_library_index":2107,"seed_status":"rejected_preinsert_pcb_collision"},"seed_witness_count":4,"witnesses":[{"claim":"SAMPLED_LIBRARY_REJECTION_WITNESS","infinite_plane_preinsert_clearance_m":-0.059489998287,"infinite_plane_seated_clearance_m":-0.099489998287,"scope":"single sampled T_P_E only; never a whole-cell claim","seed_grasp_id":"g_dcb9af2828c30ac2","seed_status":"rejected_preinsert_pcb_collision"}]},{"bounds":{"roll_rad":[-2.356194490192,-2.094395102393],"u_P_m":[0.00017830681,0.003150106959],"v_P_m":[0.00463664293,0.007208392975]},"center_pose":{"T_P_E":[[0.793353340291,0.0,-0.608761429009,0.001664206884],[0.0,1.0,0.0,0.007062596679],[0.608761429009,0.0,0.793353340291,0.005922517952],[0.0,0.0,0.0,1.0]],"constructive_map_version":1,"required_aperture_m":0.007620000124,"source":"contact_mode_constructive_map","theta":{"roll_rad":-2.225294796292,"u_P_m":0.001664206884,"v_P_m":0.005922517952}},"classification":"REJECTED","classification_reason":"PAD_FOOTPRINT_CANNOT_FIT_U_PATCH_FOR_ANY_ROLL","contact_mode":"housing_opposed_y","grid_index":{"roll":3,"u":0,"v":0},"id":"task_cell_c9254b1d4bd4bc45","representative":{"T_P_E":[[0.864122574585,0.0,-0.503281408452,0.002515547356],[0.0,1.0,0.0,0.007062596679],[0.503281408452,0.0,0.864122574585,0.005415615749],[0.0,0.0,0.0,1.0]],"quality":0.689771962578,"required_aperture_m":0.007620000124,"seed_grasp_id":"g_8f1ae0001e507959","seed_library_index":1991,"seed_status":"rejected_preinsert_pcb_collision"},"seed_witness_count":5,"witnesses":[{"claim":"SAMPLED_LIBRARY_REJECTION_WITNESS","infinite_plane_preinsert_clearance_m":-0.059489998287,"infinite_plane_seated_clearance_m":-0.099489998287,"scope":"single sampled T_P_E only; never a whole-cell claim","seed_grasp_id":"g_8f1ae0001e507959","seed_status":"rejected_preinsert_pcb_collision"}]},{"bounds":{"roll_rad":[-2.094395102393,-1.832595714594],"u_P_m":[0.00017830681,0.003150106959],"v_P_m":[0.00463664293,0.007208392975]},"center_pose":{"T_P_E":[[0.923879532511,0.0,-0.382683432365,0.001664206884],[0.0,1.0,0.0,0.007062596679],[0.382683432365,0.0,0.923879532511,0.005922517952],[0.0,0.0,0.0,1.0]],"constructive_map_version":1,"required_aperture_m":0.007620000124,"source":"contact_mode_constructive_map","theta":{"roll_rad":-1.963495408493,"u_P_m":0.001664206884,"v_P_m":0.005922517952}},"classification":"REJECTED","classification_reason":"PAD_FOOTPRINT_CANNOT_FIT_U_PATCH_FOR_ANY_ROLL","contact_mode":"housing_opposed_y","grid_index":{"roll":4,"u":0,"v":0},"id":"task_cell_8d52a3a4b5d6bd45","representative":{"T_P_E":[[0.964937125424,0.0,-0.262481130709,0.002515547356],[0.0,1.0,0.0,0.007062596679],[0.262481130709,0.0,0.964937125424,0.005415615749],[0.0,0.0,0.0,1.0]],"quality":0.694165538272,"required_aperture_m":0.007620000124,"seed_grasp_id":"g_9a5c2a7efe135752","seed_library_index":1883,"seed_status":"rejected_preinsert_pcb_collision"},"seed_witness_count":5,"witnesses":[{"claim":"SAMPLED_LIBRARY_REJECTION_WITNESS","infinite_plane_preinsert_clearance_m":-0.059489998287,"infinite_plane_seated_clearance_m":-0.099489998287,"scope":"single sampled T_P_E only; never a whole-cell claim","seed_grasp_id":"g_9a5c2a7efe135752","seed_status":"rejected_preinsert_pcb_collision"}]},{"bounds":{"roll_rad":[-1.832595714594,-1.570796326795],"u_P_m":[0.00017830681,0.003150106959],"v_P_m":[0.00463664293,0.007208392975]},"center_pose":{"T_P_E":[[0.991444861374,0.0,-0.13052619222,0.001664206884],[0.0,1.0,0.0,0.007062596679],[0.13052619222,0.0,0.991444861374,0.005922517952],[0.0,0.0,0.0,1.0]],"constructive_map_version":1,"required_aperture_m":0.007620000124,"source":"contact_mode_constructive_map","theta":{"roll_rad":-1.701696020694,"u_P_m":0.001664206884,"v_P_m":0.005922517952}},"classification":"REJECTED","classification_reason":"PAD_FOOTPRINT_CANNOT_FIT_U_PATCH_FOR_ANY_ROLL","contact_mode":"housing_opposed_y","grid_index":{"roll":5,"u":0,"v":0},"id":"task_cell_4f5579a98e6afd11","representative":{"T_P_E":[[0.9999928058,0.0,-0.003793197679,0.001310363029],[0.0,1.0,0.0,0.007062596679],[0.003793197679,0.0,0.9999928058,0.005283469988],[0.0,0.0,0.0,1.0]],"quality":0.699204292575,"required_aperture_m":0.007620000124,"seed_grasp_id":"g_9a798981768318bb","seed_library_index":1745,"seed_status":"rejected_preinsert_pcb_collision"},"seed_witness_count":5,"witnesses":[{"claim":"SAMPLED_LIBRARY_REJECTION_WITNESS","infinite_plane_preinsert_clearance_m":-0.059489998287,"infinite_plane_seated_clearance_m":-0.099489998287,"scope":"single sampled T_P_E only; never a whole-cell claim","seed_grasp_id":"g_9a798981768318bb","seed_status":"rejected_preinsert_pcb_collision"}]},{"bounds":{"roll_rad":[-1.570796326795,-1.308996938996],"u_P_m":[0.00017830681,0.003150106959],"v_P_m":[0.00463664293,0.007208392975]},"center_pose":{"T_P_E":[[0.991444861374,0.0,0.13052619222,0.001664206884],[0.0,1.0,0.0,0.007062596679],[-0.13052619222,0.0,0.991444861374,0.005922517952],[0.0,0.0,0.0,1.0]],"constructive_map_version":1,"required_aperture_m":0.007620000124,"source":"contact_mode_constructive_map","theta":{"roll_rad":-1.439896632896,"u_P_m":0.001664206884,"v_P_m":0.005922517952}},"classification":"REJECTED","classification_reason":"PAD_FOOTPRINT_CANNOT_FIT_U_PATCH_FOR_ANY_ROLL","contact_mode":"housing_opposed_y","grid_index":{"roll":6,"u":0,"v":0},"id":"task_cell_bc28c50d0f662457","representative":{"T_P_E":[[0.966900629026,0.0,0.255153235504,0.001310363029],[0.0,1.0,0.0,0.007062596679],[-0.255153235504,0.0,0.966900629026,0.005283469988],[0.0,0.0,0.0,1.0]],"quality":0.699430985652,"required_aperture_m":0.007620000124,"seed_grasp_id":"g_354fac83918cfce9","seed_library_index":1741,"seed_status":"rejected_preinsert_pcb_collision"},"seed_witness_count":4,"witnesses":[{"claim":"SAMPLED_LIBRARY_REJECTION_WITNESS","infinite_plane_preinsert_clearance_m":-0.059489998287,"infinite_plane_seated_clearance_m":-0.099489998287,"scope":"single sampled T_P_E only; never a whole-cell claim","seed_grasp_id":"g_354fac83918cfce9","seed_status":"rejected_preinsert_pcb_collision"}]},{"bounds":{"roll_rad":[-1.308996938996,-1.047197551197],"u_P_m":[0.00017830681,0.003150106959],"v_P_m":[0.00463664293,0.007208392975]},"center_pose":{"T_P_E":[[0.923879532511,0.0,0.382683432365,0.001664206884],[0.0,1.0,0.0,0.007062596679],[-0.382683432365,0.0,0.923879532511,0.005922517952],[0.0,0.0,0.0,1.0]],"constructive_map_version":1,"required_aperture_m":0.007620000124,"source":"contact_mode_constructive_map","theta":{"roll_rad":-1.178097245096,"u_P_m":0.001664206884,"v_P_m":0.005922517952}},"classification":"REJECTED","classification_reason":"PAD_FOOTPRINT_CANNOT_FIT_U_PATCH_FOR_ANY_ROLL","contact_mode":"housing_opposed_y","grid_index":{"roll":7,"u":0,"v":0},"id":"task_cell_c8f55ecb56e1d5bc","representative":{"T_P_E":[[0.867915772264,0.0,0.496711397348,0.002515547356],[0.0,1.0,0.0,0.007062596679],[-0.496711397348,0.0,0.867915772264,0.005415615749],[0.0,0.0,0.0,1.0]],"quality":0.714020065415,"required_aperture_m":0.007620000124,"seed_grasp_id":"g_e246040542dc18a8","seed_library_index":1382,"seed_status":"rejected_preinsert_pcb_collision"},"seed_witness_count":4,"witnesses":[{"claim":"SAMPLED_LIBRARY_REJECTION_WITNESS","infinite_plane_preinsert_clearance_m":-0.059489998287,"infinite_plane_seated_clearance_m":-0.099489998287,"scope":"single sampled T_P_E only; never a whole-cell claim","seed_grasp_id":"g_e246040542dc18a8","seed_status":"rejected_preinsert_pcb_collision"}]},{"bounds":{"roll_rad":[-1.047197551197,-0.785398163397],"u_P_m":[0.00017830681,0.003150106959],"v_P_m":[0.00463664293,0.007208392975]},"center_pose":{"T_P_E":[[0.793353340291,0.0,0.608761429009,0.001664206884],[0.0,1.0,0.0,0.007062596679],[-0.608761429009,0.0,0.793353340291,0.005922517952],[0.0,0.0,0.0,1.0]],"constructive_map_version":1,"required_aperture_m":0.007620000124,"source":"contact_mode_constructive_map","theta":{"roll_rad":-0.916297857297,"u_P_m":0.001664206884,"v_P_m":0.005922517952}},"classification":"REJECTED","classification_reason":"PAD_FOOTPRINT_CANNOT_FIT_U_PATCH_FOR_ANY_ROLL","contact_mode":"housing_opposed_y","grid_index":{"roll":8,"u":0,"v":0},"id":"task_cell_d93993ed4ecea5ed","representative":{"T_P_E":[[0.70978388992,0.0,0.704419498318,0.000982320737],[0.0,1.0,0.0,0.007062596679],[-0.704419498318,0.0,0.70978388992,0.005493033448],[0.0,0.0,0.0,1.0]],"quality":0.71505074893,"required_aperture_m":0.007620000124,"seed_grasp_id":"g_1d8f288a4c1518c9","seed_library_index":1363,"seed_status":"rejected_preinsert_pcb_collision"},"seed_witness_count":5,"witnesses":[{"claim":"SAMPLED_LIBRARY_REJECTION_WITNESS","infinite_plane_preinsert_clearance_m":-0.059489998287,"infinite_plane_seated_clearance_m":-0.099489998287,"scope":"single sampled T_P_E only; never a whole-cell claim","seed_grasp_id":"g_1d8f288a4c1518c9","seed_status":"rejected_preinsert_pcb_collision"}]},{"bounds":{"roll_rad":[-0.785398163397,-0.523598775598],"u_P_m":[0.00017830681,0.003150106959],"v_P_m":[0.00463664293,0.007208392975]},"center_pose":{"T_P_E":[[0.608761429008,0.0,0.793353340291,0.001664206884],[0.0,1.0,0.0,0.007062596679],[-0.793353340291,0.0,0.608761429008,0.005922517952],[0.0,0.0,0.0,1.0]],"constructive_map_version":1,"required_aperture_m":0.007620000124,"source":"contact_mode_constructive_map","theta":{"roll_rad":-0.654498469498,"u_P_m":0.001664206884,"v_P_m":0.005922517952}},"classification":"REJECTED","classification_reason":"PAD_FOOTPRINT_CANNOT_FIT_U_PATCH_FOR_ANY_ROLL","contact_mode":"housing_opposed_y","grid_index":{"roll":9,"u":0,"v":0},"id":"task_cell_d3c6764c33ba5757","representative":{"T_P_E":[[0.503281408452,0.0,0.864122574585,0.000982320737],[0.0,1.0,0.0,0.007062596679],[-0.864122574585,0.0,0.503281408452,0.005493033448],[0.0,0.0,0.0,1.0]],"quality":0.730467293095,"required_aperture_m":0.007620000124,"seed_grasp_id":"g_c26f835b42032d46","seed_library_index":1152,"seed_status":"rejected_preinsert_pcb_collision"},"seed_witness_count":5,"witnesses":[{"claim":"SAMPLED_LIBRARY_REJECTION_WITNESS","infinite_plane_preinsert_clearance_m":-0.059489998287,"infinite_plane_seated_clearance_m":-0.099489998287,"scope":"single sampled T_P_E only; never a whole-cell claim","seed_grasp_id":"g_c26f835b42032d46","seed_status":"rejected_preinsert_pcb_collision"}]},{"bounds":{"roll_rad":[-0.523598775598,-0.261799387799],"u_P_m":[0.00017830681,0.003150106959],"v_P_m":[0.00463664293,0.007208392975]},"center_pose":{"T_P_E":[[0.382683432365,0.0,0.923879532511,0.001664206884],[0.0,1.0,0.0,0.007062596679],[-0.923879532511,0.0,0.382683432365,0.005922517952],[0.0,0.0,0.0,1.0]],"constructive_map_version":1,"required_aperture_m":0.007620000124,"source":"contact_mode_constructive_map","theta":{"roll_rad":-0.392699081699,"u_P_m":0.001664206884,"v_P_m":0.005922517952}},"classification":"REJECTED","classification_reason":"PAD_FOOTPRINT_CANNOT_FIT_U_PATCH_FOR_ANY_ROLL","contact_mode":"housing_opposed_y","grid_index":{"roll":10,"u":0,"v":0},"id":"task_cell_cc76bf383193db19","representative":{"T_P_E":[[0.262481130709,0.0,0.964937125424,0.001355082219],[0.0,1.0,0.0,0.007062596679],[-0.964937125424,0.0,0.262481130709,0.005988163178],[0.0,0.0,0.0,1.0]],"quality":0.730904977464,"required_aperture_m":0.007620000124,"seed_grasp_id":"g_9c8ec1e49042361d","seed_library_index":1142,"seed_status":"rejected_preinsert_pcb_collision"},"seed_witness_count":5,"witnesses":[{"claim":"SAMPLED_LIBRARY_REJECTION_WITNESS","infinite_plane_preinsert_clearance_m":-0.059489998287,"infinite_plane_seated_clearance_m":-0.099489998287,"scope":"single sampled T_P_E only; never a whole-cell claim","seed_grasp_id":"g_9c8ec1e49042361d","seed_status":"rejected_preinsert_pcb_collision"}]},{"bounds":{"roll_rad":[-0.261799387799,0.0],"u_P_m":[0.00017830681,0.003150106959],"v_P_m":[0.00463664293,0.007208392975]},"center_pose":{"T_P_E":[[0.13052619222,0.0,0.991444861374,0.001664206884],[0.0,1.0,0.0,0.007062596679],[-0.991444861374,0.0,0.13052619222,0.005922517952],[0.0,0.0,0.0,1.0]],"constructive_map_version":1,"required_aperture_m":0.007620000124,"source":"contact_mode_constructive_map","theta":{"roll_rad":-0.1308996939,"u_P_m":0.001664206884,"v_P_m":0.005922517952}},"classification":"REJECTED","classification_reason":"PAD_FOOTPRINT_CANNOT_FIT_U_PATCH_FOR_ANY_ROLL","contact_mode":"housing_opposed_y","grid_index":{"roll":11,"u":0,"v":0},"id":"task_cell_a6da85974766d534","representative":{"T_P_E":[[0.003793197679,0.0,0.9999928058,0.001460493682],[0.0,1.0,0.0,0.007062596679],[-0.9999928058,0.0,0.003793197679,0.006440405808],[0.0,0.0,0.0,1.0]],"quality":0.731028692535,"required_aperture_m":0.007620000124,"seed_grasp_id":"g_d87132f6f725debc","seed_library_index":1139,"seed_status":"rejected_preinsert_pcb_collision"},"seed_witness_count":5,"witnesses":[{"claim":"SAMPLED_LIBRARY_REJECTION_WITNESS","infinite_plane_preinsert_clearance_m":-0.059489998287,"infinite_plane_seated_clearance_m":-0.099489998287,"scope":"single sampled T_P_E only; never a whole-cell claim","seed_grasp_id":"g_d87132f6f725debc","seed_status":"rejected_preinsert_pcb_collision"}]},{"bounds":{"roll_rad":[0.0,0.261799387799],"u_P_m":[0.00017830681,0.003150106959],"v_P_m":[0.00463664293,0.007208392975]},"center_pose":{"T_P_E":[[-0.13052619222,0.0,0.991444861374,0.001664206884],[0.0,1.0,0.0,0.007062596679],[-0.991444861374,0.0,-0.13052619222,0.005922517952],[0.0,0.0,0.0,1.0]],"constructive_map_version":1,"required_aperture_m":0.007620000124,"source":"contact_mode_constructive_map","theta":{"roll_rad":0.1308996939,"u_P_m":0.001664206884,"v_P_m":0.005922517952}},"classification":"REJECTED","classification_reason":"PAD_FOOTPRINT_CANNOT_FIT_U_PATCH_FOR_ANY_ROLL","contact_mode":"housing_opposed_y","grid_index":{"roll":12,"u":0,"v":0},"id":"task_cell_b4b61effccf120e7","representative":{"T_P_E":[[-0.255153235504,0.0,0.966900629026,0.001460493682],[0.0,1.0,0.0,0.007062596679],[-0.966900629026,0.0,-0.255153235504,0.006440405808],[0.0,0.0,0.0,1.0]],"quality":0.730088167786,"required_aperture_m":0.007620000124,"seed_grasp_id":"g_387f1f89ebb13c2a","seed_library_index":1160,"seed_status":"rejected_preinsert_pcb_collision"},"seed_witness_count":5,"witnesses":[{"claim":"SAMPLED_LIBRARY_REJECTION_WITNESS","infinite_plane_preinsert_clearance_m":-0.059489998287,"infinite_plane_seated_clearance_m":-0.099489998287,"scope":"single sampled T_P_E only; never a whole-cell claim","seed_grasp_id":"g_387f1f89ebb13c2a","seed_status":"rejected_preinsert_pcb_collision"}]},{"bounds":{"roll_rad":[0.261799387799,0.523598775598],"u_P_m":[0.00017830681,0.003150106959],"v_P_m":[0.00463664293,0.007208392975]},"center_pose":{"T_P_E":[[-0.382683432365,0.0,0.923879532511,0.001664206884],[0.0,1.0,0.0,0.007062596679],[-0.923879532511,0.0,-0.382683432365,0.005922517952],[0.0,0.0,0.0,1.0]],"constructive_map_version":1,"required_aperture_m":0.007620000124,"source":"contact_mode_constructive_map","theta":{"roll_rad":0.392699081699,"u_P_m":0.001664206884,"v_P_m":0.005922517952}},"classification":"REJECTED","classification_reason":"PAD_FOOTPRINT_CANNOT_FIT_U_PATCH_FOR_ANY_ROLL","contact_mode":"housing_opposed_y","grid_index":{"roll":13,"u":0,"v":0},"id":"task_cell_780dffdd8818949f","representative":{"T_P_E":[[-0.496711397348,0.0,0.867915772264,0.001460493682],[0.0,1.0,0.0,0.007062596679],[-0.867915772264,0.0,-0.496711397348,0.006440405808],[0.0,0.0,0.0,1.0]],"quality":0.713698466117,"required_aperture_m":0.007620000124,"seed_grasp_id":"g_c69e18634380402d","seed_library_index":1391,"seed_status":"rejected_preinsert_pcb_collision"},"seed_witness_count":5,"witnesses":[{"claim":"SAMPLED_LIBRARY_REJECTION_WITNESS","infinite_plane_preinsert_clearance_m":-0.059489998287,"infinite_plane_seated_clearance_m":-0.099489998287,"scope":"single sampled T_P_E only; never a whole-cell claim","seed_grasp_id":"g_c69e18634380402d","seed_status":"rejected_preinsert_pcb_collision"}]},{"bounds":{"roll_rad":[0.523598775598,0.785398163397],"u_P_m":[0.00017830681,0.003150106959],"v_P_m":[0.00463664293,0.007208392975]},"center_pose":{"T_P_E":[[-0.608761429008,0.0,0.793353340291,0.001664206884],[0.0,1.0,0.0,0.007062596679],[-0.793353340291,0.0,-0.608761429008,0.005922517952],[0.0,0.0,0.0,1.0]],"constructive_map_version":1,"required_aperture_m":0.007620000124,"source":"contact_mode_constructive_map","theta":{"roll_rad":0.654498469498,"u_P_m":0.001664206884,"v_P_m":0.005922517952}},"classification":"REJECTED","classification_reason":"PAD_FOOTPRINT_CANNOT_FIT_U_PATCH_FOR_ANY_ROLL","contact_mode":"housing_opposed_y","grid_index":{"roll":14,"u":0,"v":0},"id":"task_cell_0c231cacc9fac21a","representative":{"T_P_E":[[-0.704419498318,0.0,0.70978388992,0.002703065217],[0.0,1.0,0.0,0.007062596679],[-0.70978388992,0.0,-0.704419498318,0.006350860257],[0.0,0.0,0.0,1.0]],"quality":0.711632689261,"required_aperture_m":0.007620000124,"seed_grasp_id":"g_d9f88b306d534b8b","seed_library_index":1465,"seed_status":"rejected_preinsert_pcb_collision"},"seed_witness_count":5,"witnesses":[{"claim":"SAMPLED_LIBRARY_REJECTION_WITNESS","infinite_plane_preinsert_clearance_m":-0.059489998287,"infinite_plane_seated_clearance_m":-0.099489998287,"scope":"single sampled T_P_E only; never a whole-cell claim","seed_grasp_id":"g_d9f88b306d534b8b","seed_status":"rejected_preinsert_pcb_collision"}]},{"bounds":{"roll_rad":[0.785398163397,1.047197551197],"u_P_m":[0.00017830681,0.003150106959],"v_P_m":[0.00463664293,0.007208392975]},"center_pose":{"T_P_E":[[-0.793353340291,0.0,0.608761429009,0.001664206884],[0.0,1.0,0.0,0.007062596679],[-0.608761429009,0.0,-0.793353340291,0.005922517952],[0.0,0.0,0.0,1.0]],"constructive_map_version":1,"required_aperture_m":0.007620000124,"source":"contact_mode_constructive_map","theta":{"roll_rad":0.916297857297,"u_P_m":0.001664206884,"v_P_m":0.005922517952}},"classification":"REJECTED","classification_reason":"PAD_FOOTPRINT_CANNOT_FIT_U_PATCH_FOR_ANY_ROLL","contact_mode":"housing_opposed_y","grid_index":{"roll":15,"u":0,"v":0},"id":"task_cell_911e6736f5a55ea5","representative":{"T_P_E":[[-0.864122574585,0.0,0.503281408452,0.001460493682],[0.0,1.0,0.0,0.007062596679],[-0.503281408452,0.0,-0.864122574585,0.006440405808],[0.0,0.0,0.0,1.0]],"quality":0.696395783917,"required_aperture_m":0.007620000124,"seed_grasp_id":"g_e3ea990de4107367","seed_library_index":1817,"seed_status":"rejected_preinsert_pcb_collision"},"seed_witness_count":5,"witnesses":[{"claim":"SAMPLED_LIBRARY_REJECTION_WITNESS","infinite_plane_preinsert_clearance_m":-0.059489998287,"infinite_plane_seated_clearance_m":-0.099489998287,"scope":"single sampled T_P_E only; never a whole-cell claim","seed_grasp_id":"g_e3ea990de4107367","seed_status":"rejected_preinsert_pcb_collision"}]},{"bounds":{"roll_rad":[1.047197551197,1.308996938996],"u_P_m":[0.00017830681,0.003150106959],"v_P_m":[0.00463664293,0.007208392975]},"center_pose":{"T_P_E":[[-0.923879532511,0.0,0.382683432365,0.001664206884],[0.0,1.0,0.0,0.007062596679],[-0.382683432365,0.0,-0.923879532511,0.005922517952],[0.0,0.0,0.0,1.0]],"constructive_map_version":1,"required_aperture_m":0.007620000124,"source":"contact_mode_constructive_map","theta":{"roll_rad":1.178097245096,"u_P_m":0.001664206884,"v_P_m":0.005922517952}},"classification":"REJECTED","classification_reason":"PAD_FOOTPRINT_CANNOT_FIT_U_PATCH_FOR_ANY_ROLL","contact_mode":"housing_opposed_y","grid_index":{"roll":16,"u":0,"v":0},"id":"task_cell_17133c17d5f4c40e","representative":{"T_P_E":[[-0.964937125424,0.0,0.262481130709,0.001460493682],[0.0,1.0,0.0,0.007062596679],[-0.262481130709,0.0,-0.964937125424,0.006440405808],[0.0,0.0,0.0,1.0]],"quality":0.695662245868,"required_aperture_m":0.007620000124,"seed_grasp_id":"g_0376e48fea2a6698","seed_library_index":1840,"seed_status":"rejected_preinsert_pcb_collision"},"seed_witness_count":5,"witnesses":[{"claim":"SAMPLED_LIBRARY_REJECTION_WITNESS","infinite_plane_preinsert_clearance_m":-0.059489998287,"infinite_plane_seated_clearance_m":-0.099489998287,"scope":"single sampled T_P_E only; never a whole-cell claim","seed_grasp_id":"g_0376e48fea2a6698","seed_status":"rejected_preinsert_pcb_collision"}]},{"bounds":{"roll_rad":[1.308996938996,1.570796326795],"u_P_m":[0.00017830681,0.003150106959],"v_P_m":[0.00463664293,0.007208392975]},"center_pose":{"T_P_E":[[-0.991444861374,0.0,0.13052619222,0.001664206884],[0.0,1.0,0.0,0.007062596679],[-0.13052619222,0.0,-0.991444861374,0.005922517952],[0.0,0.0,0.0,1.0]],"constructive_map_version":1,"required_aperture_m":0.007620000124,"source":"contact_mode_constructive_map","theta":{"roll_rad":1.439896632896,"u_P_m":0.001664206884,"v_P_m":0.005922517952}},"classification":"REJECTED","classification_reason":"PAD_FOOTPRINT_CANNOT_FIT_U_PATCH_FOR_ANY_ROLL","contact_mode":"housing_opposed_y","grid_index":{"roll":17,"u":0,"v":0},"id":"task_cell_88edf0601282e48d","representative":{"T_P_E":[[-0.9999928058,0.0,0.003793197679,0.001460493682],[0.0,1.0,0.0,0.007062596679],[-0.003793197679,0.0,-0.9999928058,0.006440405808],[0.0,0.0,0.0,1.0]],"quality":0.695393462064,"required_aperture_m":0.007620000124,"seed_grasp_id":"g_49a3bb69b3c754de","seed_library_index":1850,"seed_status":"rejected_preinsert_pcb_collision"},"seed_witness_count":5,"witnesses":[{"claim":"SAMPLED_LIBRARY_REJECTION_WITNESS","infinite_plane_preinsert_clearance_m":-0.059489998287,"infinite_plane_seated_clearance_m":-0.099489998287,"scope":"single sampled T_P_E only; never a whole-cell claim","seed_grasp_id":"g_49a3bb69b3c754de","seed_status":"rejected_preinsert_pcb_collision"}]},{"bounds":{"roll_rad":[1.570796326795,1.832595714594],"u_P_m":[0.00017830681,0.003150106959],"v_P_m":[0.00463664293,0.007208392975]},"center_pose":{"T_P_E":[[-0.991444861374,0.0,-0.13052619222,0.001664206884],[0.0,1.0,0.0,0.007062596679],[0.13052619222,0.0,-0.991444861374,0.005922517952],[0.0,0.0,0.0,1.0]],"constructive_map_version":1,"required_aperture_m":0.007620000124,"source":"contact_mode_constructive_map","theta":{"roll_rad":1.701696020694,"u_P_m":0.001664206884,"v_P_m":0.005922517952}},"classification":"REJECTED","classification_reason":"PAD_FOOTPRINT_CANNOT_FIT_U_PATCH_FOR_ANY_ROLL","contact_mode":"housing_opposed_y","grid_index":{"roll":18,"u":0,"v":0},"id":"task_cell_476426d12009880b","representative":{"T_P_E":[[-0.966900629026,0.0,-0.255153235504,0.001460493682],[0.0,1.0,0.0,0.007062596679],[0.255153235504,0.0,-0.966900629026,0.006440405808],[0.0,0.0,0.0,1.0]],"quality":0.690456237405,"required_aperture_m":0.007620000124,"seed_grasp_id":"g_c06f5813aaf5bdf8","seed_library_index":1977,"seed_status":"rejected_preinsert_pcb_collision"},"seed_witness_count":5,"witnesses":[{"claim":"SAMPLED_LIBRARY_REJECTION_WITNESS","infinite_plane_preinsert_clearance_m":-0.059489998287,"infinite_plane_seated_clearance_m":-0.099489998287,"scope":"single sampled T_P_E only; never a whole-cell claim","seed_grasp_id":"g_c06f5813aaf5bdf8","seed_status":"rejected_preinsert_pcb_collision"}]},{"bounds":{"roll_rad":[1.832595714594,2.094395102393],"u_P_m":[0.00017830681,0.003150106959],"v_P_m":[0.00463664293,0.007208392975]},"center_pose":{"T_P_E":[[-0.923879532511,0.0,-0.382683432365,0.001664206884],[0.0,1.0,0.0,0.007062596679],[0.382683432365,0.0,-0.923879532511,0.005922517952],[0.0,0.0,0.0,1.0]],"constructive_map_version":1,"required_aperture_m":0.007620000124,"source":"contact_mode_constructive_map","theta":{"roll_rad":1.963495408493,"u_P_m":0.001664206884,"v_P_m":0.005922517952}},"classification":"REJECTED","classification_reason":"PAD_FOOTPRINT_CANNOT_FIT_U_PATCH_FOR_ANY_ROLL","contact_mode":"housing_opposed_y","grid_index":{"roll":19,"u":0,"v":0},"id":"task_cell_2a0b4e5f6f96d016","representative":{"T_P_E":[[-0.867915772264,0.0,-0.496711397348,0.002515547356],[0.0,1.0,0.0,0.007062596679],[0.496711397348,0.0,-0.867915772264,0.005415615749],[0.0,0.0,0.0,1.0]],"quality":0.700706914868,"required_aperture_m":0.007620000124,"seed_grasp_id":"g_285d4554a795f596","seed_library_index":1719,"seed_status":"rejected_preinsert_pcb_collision"},"seed_witness_count":4,"witnesses":[{"claim":"SAMPLED_LIBRARY_REJECTION_WITNESS","infinite_plane_preinsert_clearance_m":-0.059489998287,"infinite_plane_seated_clearance_m":-0.099489998287,"scope":"single sampled T_P_E only; never a whole-cell claim","seed_grasp_id":"g_285d4554a795f596","seed_status":"rejected_preinsert_pcb_collision"}]},{"bounds":{"roll_rad":[2.094395102393,2.356194490192],"u_P_m":[0.00017830681,0.003150106959],"v_P_m":[0.00463664293,0.007208392975]},"center_pose":{"T_P_E":[[-0.793353340291,0.0,-0.608761429009,0.001664206884],[0.0,1.0,0.0,0.007062596679],[0.608761429009,0.0,-0.793353340291,0.005922517952],[0.0,0.0,0.0,1.0]],"constructive_map_version":1,"required_aperture_m":0.007620000124,"source":"contact_mode_constructive_map","theta":{"roll_rad":2.225294796292,"u_P_m":0.001664206884,"v_P_m":0.005922517952}},"classification":"REJECTED","classification_reason":"PAD_FOOTPRINT_CANNOT_FIT_U_PATCH_FOR_ANY_ROLL","contact_mode":"housing_opposed_y","grid_index":{"roll":20,"u":0,"v":0},"id":"task_cell_016327404496fc73","representative":{"T_P_E":[[-0.70978388992,0.0,-0.704419498318,0.002515547356],[0.0,1.0,0.0,0.007062596679],[0.704419498318,0.0,-0.70978388992,0.005415615749],[0.0,0.0,0.0,1.0]],"quality":0.697852350376,"required_aperture_m":0.007620000124,"seed_grasp_id":"g_90fe501cded8d1e3","seed_library_index":1787,"seed_status":"rejected_preinsert_pcb_collision"},"seed_witness_count":4,"witnesses":[{"claim":"SAMPLED_LIBRARY_REJECTION_WITNESS","infinite_plane_preinsert_clearance_m":-0.059489998287,"infinite_plane_seated_clearance_m":-0.099489998287,"scope":"single sampled T_P_E only; never a whole-cell claim","seed_grasp_id":"g_90fe501cded8d1e3","seed_status":"rejected_preinsert_pcb_collision"}]},{"bounds":{"roll_rad":[2.356194490192,2.617993877991],"u_P_m":[0.00017830681,0.003150106959],"v_P_m":[0.00463664293,0.007208392975]},"center_pose":{"T_P_E":[[-0.608761429009,0.0,-0.793353340291,0.001664206884],[0.0,1.0,0.0,0.007062596679],[0.793353340291,0.0,-0.608761429009,0.005922517952],[0.0,0.0,0.0,1.0]],"constructive_map_version":1,"required_aperture_m":0.007620000124,"source":"contact_mode_constructive_map","theta":{"roll_rad":2.487094184092,"u_P_m":0.001664206884,"v_P_m":0.005922517952}},"classification":"REJECTED","classification_reason":"PAD_FOOTPRINT_CANNOT_FIT_U_PATCH_FOR_ANY_ROLL","contact_mode":"housing_opposed_y","grid_index":{"roll":21,"u":0,"v":0},"id":"task_cell_3cc5e8d2a43862d7","representative":{"T_P_E":[[-0.503281408452,0.0,-0.864122574585,0.002515547356],[0.0,1.0,0.0,0.007062596679],[0.864122574585,0.0,-0.503281408452,0.005415615749],[0.0,0.0,0.0,1.0]],"quality":0.710982561368,"required_aperture_m":0.007620000124,"seed_grasp_id":"g_f31b3311bd3c471a","seed_library_index":1483,"seed_status":"rejected_preinsert_pcb_collision"},"seed_witness_count":5,"witnesses":[{"claim":"SAMPLED_LIBRARY_REJECTION_WITNESS","infinite_plane_preinsert_clearance_m":-0.059489998287,"infinite_plane_seated_clearance_m":-0.099489998287,"scope":"single sampled T_P_E only; never a whole-cell claim","seed_grasp_id":"g_f31b3311bd3c471a","seed_status":"rejected_preinsert_pcb_collision"}]},{"bounds":{"roll_rad":[2.617993877991,2.879793265791],"u_P_m":[0.00017830681,0.003150106959],"v_P_m":[0.00463664293,0.007208392975]},"center_pose":{"T_P_E":[[-0.382683432365,0.0,-0.923879532511,0.001664206884],[0.0,1.0,0.0,0.007062596679],[0.923879532511,0.0,-0.382683432365,0.005922517952],[0.0,0.0,0.0,1.0]],"constructive_map_version":1,"required_aperture_m":0.007620000124,"source":"contact_mode_constructive_map","theta":{"roll_rad":2.748893571891,"u_P_m":0.001664206884,"v_P_m":0.005922517952}},"classification":"REJECTED","classification_reason":"PAD_FOOTPRINT_CANNOT_FIT_U_PATCH_FOR_ANY_ROLL","contact_mode":"housing_opposed_y","grid_index":{"roll":22,"u":0,"v":0},"id":"task_cell_86327fdd0c0a26c6","representative":{"T_P_E":[[-0.262481130709,0.0,-0.964937125424,0.002515547356],[0.0,1.0,0.0,0.007062596679],[0.964937125424,0.0,-0.262481130709,0.005415615749],[0.0,0.0,0.0,1.0]],"quality":0.710863319329,"required_aperture_m":0.007620000124,"seed_grasp_id":"g_73a7cc57fa9c4300","seed_library_index":1486,"seed_status":"rejected_preinsert_pcb_collision"},"seed_witness_count":6,"witnesses":[{"claim":"SAMPLED_LIBRARY_REJECTION_WITNESS","infinite_plane_preinsert_clearance_m":-0.059489998287,"infinite_plane_seated_clearance_m":-0.099489998287,"scope":"single sampled T_P_E only; never a whole-cell claim","seed_grasp_id":"g_73a7cc57fa9c4300","seed_status":"rejected_preinsert_pcb_collision"}]},{"bounds":{"roll_rad":[2.879793265791,3.14159265359],"u_P_m":[0.00017830681,0.003150106959],"v_P_m":[0.00463664293,0.007208392975]},"center_pose":{"T_P_E":[[-0.13052619222,0.0,-0.991444861374,0.001664206884],[0.0,1.0,0.0,0.007062596679],[0.991444861374,0.0,-0.13052619222,0.005922517952],[0.0,0.0,0.0,1.0]],"constructive_map_version":1,"required_aperture_m":0.007620000124,"source":"contact_mode_constructive_map","theta":{"roll_rad":3.010692959691,"u_P_m":0.001664206884,"v_P_m":0.005922517952}},"classification":"REJECTED","classification_reason":"PAD_FOOTPRINT_CANNOT_FIT_U_PATCH_FOR_ANY_ROLL","contact_mode":"housing_opposed_y","grid_index":{"roll":23,"u":0,"v":0},"id":"task_cell_043195af445888af","representative":{"T_P_E":[[-0.003793197679,0.0,-0.9999928058,0.002515547356],[0.0,1.0,0.0,0.007062596679],[0.9999928058,0.0,-0.003793197679,0.005415615749],[0.0,0.0,0.0,1.0]],"quality":0.711329394843,"required_aperture_m":0.007620000124,"seed_grasp_id":"g_81b42c443f318b4f","seed_library_index":1475,"seed_status":"rejected_preinsert_pcb_collision"},"seed_witness_count":5,"witnesses":[{"claim":"SAMPLED_LIBRARY_REJECTION_WITNESS","infinite_plane_preinsert_clearance_m":-0.059489998287,"infinite_plane_seated_clearance_m":-0.099489998287,"scope":"single sampled T_P_E only; never a whole-cell claim","seed_grasp_id":"g_81b42c443f318b4f","seed_status":"rejected_preinsert_pcb_collision"}]},{"bounds":{"roll_rad":[-3.14159265359,-2.879793265791],"u_P_m":[0.00017830681,0.003150106959],"v_P_m":[0.007208392975,0.00978014302]},"center_pose":{"T_P_E":[[0.13052619222,0.0,-0.991444861374,0.001664206884],[0.0,1.0,0.0,0.007062596679],[0.991444861374,0.0,0.13052619222,0.008494267997],[0.0,0.0,0.0,1.0]],"constructive_map_version":1,"required_aperture_m":0.007620000124,"source":"contact_mode_constructive_map","theta":{"roll_rad":-3.010692959691,"u_P_m":0.001664206884,"v_P_m":0.008494267997}},"classification":"REJECTED","classification_reason":"PAD_FOOTPRINT_CANNOT_FIT_U_PATCH_FOR_ANY_ROLL","contact_mode":"housing_opposed_y","grid_index":{"roll":0,"u":0,"v":1},"id":"task_cell_bbd0622608ea8582","representative":{"T_P_E":[[0.255153235504,0.0,-0.966900629026,0.001961241777],[0.0,1.0,0.0,0.008300846577],[0.966900629026,0.0,0.255153235504,0.007623934524],[0.0,0.0,0.0,1.0]],"quality":0.626546548355,"required_aperture_m":0.005143500328,"seed_grasp_id":"g_d71166443fc7b0b4","seed_library_index":4337,"seed_status":"rejected_preinsert_pcb_collision"},"seed_witness_count":2,"witnesses":[{"claim":"SAMPLED_LIBRARY_REJECTION_WITNESS","infinite_plane_preinsert_clearance_m":-0.058251748389,"infinite_plane_seated_clearance_m":-0.098251748389,"scope":"single sampled T_P_E only; never a whole-cell claim","seed_grasp_id":"g_d71166443fc7b0b4","seed_status":"rejected_preinsert_pcb_collision"}]},{"bounds":{"roll_rad":[-2.879793265791,-2.617993877991],"u_P_m":[0.00017830681,0.003150106959],"v_P_m":[0.007208392975,0.00978014302]},"center_pose":{"T_P_E":[[0.382683432365,0.0,-0.923879532511,0.001664206884],[0.0,1.0,0.0,0.007062596679],[0.923879532511,0.0,0.382683432365,0.008494267997],[0.0,0.0,0.0,1.0]],"constructive_map_version":1,"required_aperture_m":0.007620000124,"source":"contact_mode_constructive_map","theta":{"roll_rad":-2.748893571891,"u_P_m":0.001664206884,"v_P_m":0.008494267997}},"classification":"REJECTED","classification_reason":"PAD_FOOTPRINT_CANNOT_FIT_U_PATCH_FOR_ANY_ROLL","contact_mode":"housing_opposed_y","grid_index":{"roll":1,"u":0,"v":1},"id":"task_cell_5801384364a50e2a","representative":{"T_P_E":[[0.496711397348,0.0,-0.867915772264,0.001961241777],[0.0,1.0,0.0,0.008300846577],[0.867915772264,0.0,0.496711397348,0.007623934524],[0.0,0.0,0.0,1.0]],"quality":0.625180908392,"required_aperture_m":0.005143500328,"seed_grasp_id":"g_d92d66a583ce0828","seed_library_index":4367,"seed_status":"rejected_preinsert_pcb_collision"},"seed_witness_count":2,"witnesses":[{"claim":"SAMPLED_LIBRARY_REJECTION_WITNESS","infinite_plane_preinsert_clearance_m":-0.058251748389,"infinite_plane_seated_clearance_m":-0.098251748389,"scope":"single sampled T_P_E only; never a whole-cell claim","seed_grasp_id":"g_d92d66a583ce0828","seed_status":"rejected_preinsert_pcb_collision"}]},{"bounds":{"roll_rad":[-2.617993877991,-2.356194490192],"u_P_m":[0.00017830681,0.003150106959],"v_P_m":[0.007208392975,0.00978014302]},"center_pose":{"T_P_E":[[0.608761429009,0.0,-0.793353340291,0.001664206884],[0.0,1.0,0.0,0.007062596679],[0.793353340291,0.0,0.608761429009,0.008494267997],[0.0,0.0,0.0,1.0]],"constructive_map_version":1,"required_aperture_m":0.007620000124,"source":"contact_mode_constructive_map","theta":{"roll_rad":-2.487094184092,"u_P_m":0.001664206884,"v_P_m":0.008494267997}},"classification":"REJECTED","classification_reason":"PAD_FOOTPRINT_CANNOT_FIT_U_PATCH_FOR_ANY_ROLL","contact_mode":"housing_opposed_y","grid_index":{"roll":2,"u":0,"v":1},"id":"task_cell_1020e82721dbea64","representative":{"T_P_E":[[0.704419498318,0.0,-0.70978388992,0.001961241777],[0.0,1.0,0.0,0.008300846577],[0.70978388992,0.0,0.704419498318,0.007623934524],[0.0,0.0,0.0,1.0]],"quality":0.625028039926,"required_aperture_m":0.005143500328,"seed_grasp_id":"g_3114adb38fcb3462","seed_library_index":4375,"seed_status":"rejected_preinsert_pcb_collision"},"seed_witness_count":2,"witnesses":[{"claim":"SAMPLED_LIBRARY_REJECTION_WITNESS","infinite_plane_preinsert_clearance_m":-0.058251748389,"infinite_plane_seated_clearance_m":-0.098251748389,"scope":"single sampled T_P_E only; never a whole-cell claim","seed_grasp_id":"g_3114adb38fcb3462","seed_status":"rejected_preinsert_pcb_collision"}]},{"bounds":{"roll_rad":[-2.356194490192,-2.094395102393],"u_P_m":[0.00017830681,0.003150106959],"v_P_m":[0.007208392975,0.00978014302]},"center_pose":{"T_P_E":[[0.793353340291,0.0,-0.608761429009,0.001664206884],[0.0,1.0,0.0,0.007062596679],[0.608761429009,0.0,0.793353340291,0.008494267997],[0.0,0.0,0.0,1.0]],"constructive_map_version":1,"required_aperture_m":0.007620000124,"source":"contact_mode_constructive_map","theta":{"roll_rad":-2.225294796292,"u_P_m":0.001664206884,"v_P_m":0.008494267997}},"classification":"REJECTED","classification_reason":"PAD_FOOTPRINT_CANNOT_FIT_U_PATCH_FOR_ANY_ROLL","contact_mode":"housing_opposed_y","grid_index":{"roll":3,"u":0,"v":1},"id":"task_cell_1707030a320f5d2a","representative":{"T_P_E":[[0.864122574585,0.0,-0.503281408452,0.001961241777],[0.0,1.0,0.0,0.008300846577],[0.503281408452,0.0,0.864122574585,0.007623934524],[0.0,0.0,0.0,1.0]],"quality":0.628410162347,"required_aperture_m":0.005143500328,"seed_grasp_id":"g_160c07a78d64859e","seed_library_index":4287,"seed_status":"rejected_preinsert_pcb_collision"},"seed_witness_count":2,"witnesses":[{"claim":"SAMPLED_LIBRARY_REJECTION_WITNESS","infinite_plane_preinsert_clearance_m":-0.058251748389,"infinite_plane_seated_clearance_m":-0.098251748389,"scope":"single sampled T_P_E only; never a whole-cell claim","seed_grasp_id":"g_160c07a78d64859e","seed_status":"rejected_preinsert_pcb_collision"}]},{"bounds":{"roll_rad":[-2.094395102393,-1.832595714594],"u_P_m":[0.00017830681,0.003150106959],"v_P_m":[0.007208392975,0.00978014302]},"center_pose":{"T_P_E":[[0.923879532511,0.0,-0.382683432365,0.001664206884],[0.0,1.0,0.0,0.007062596679],[0.382683432365,0.0,0.923879532511,0.008494267997],[0.0,0.0,0.0,1.0]],"constructive_map_version":1,"required_aperture_m":0.007620000124,"source":"contact_mode_constructive_map","theta":{"roll_rad":-1.963495408493,"u_P_m":0.001664206884,"v_P_m":0.008494267997}},"classification":"REJECTED","classification_reason":"PAD_FOOTPRINT_CANNOT_FIT_U_PATCH_FOR_ANY_ROLL","contact_mode":"housing_opposed_y","grid_index":{"roll":4,"u":0,"v":1},"id":"task_cell_0e4c8bf15cbc3229","representative":{"T_P_E":[[0.964937125424,0.0,-0.262481130709,0.001961241777],[0.0,1.0,0.0,0.008300846577],[0.262481130709,0.0,0.9649